1 2635
2 1606
3 7741
4 2291
5 2009
6 3360
7 6752
8 9814
9 5515
10 2988
11 4794
12 7262
13 5458
14 8905
15 7157
16 6948
17 3641
18 8701
19 1690
20 8912
21 3435
22 9434
23 9307
24 4694
25 2413
26 333
27 881
28 7598
29 1117
30 2732
31 5830
32 8547
33 7446
34 8214
35 1795
36 9235
37 2894
38 7436
39 6639
40 7164
41 6380
42 8951
43 3755
44 372
45 3805
46 9398
47 9140
48 3192
49 6592
50 3924
51 4026
52 8215
53 487
54 8412
55 9998
56 3759
57 6658
58 3152
59 4471
60 660
61 739
62 963
63 3167
64 6917
65 1914
66 1460
67 2782
68 3852
69 3295
70 7151
71 1448
72 2834
73 6976
74 6342
75 6773
76 7319
77 1921
78 2479
79 1257
80 1006
81 560
82 9449
83 2702
84 9219
85 427
86 7642
87 2873
88 7299
89 460
90 6105
91 1110
92 6742
93 7702
94 2001
95 858
96 7093
97 9041
98 9773
99 6139
100 9199
101 4369
102 8892
103 1897
104 3326
105 2079
106 882
107 6820
108 3842
109 5160
110 3446
111 9775
112 727
113 6328
114 1924
115 1297
116 6957
117 3621
118 6079
119 9720
120 25
121 3636
122 3251
123 7471
124 5258
125 8243
126 7308
127 6837
128 8420
129 1984
130 6462
131 6034
132 5136
133 1616
134 2074
135 5864
136 5111
137 6291
138 4815
139 4372
140 9789
141 6720
142 4221
143 1974
144 3169
145 4333
146 2572
147 2323
148 6781
149 6937
150 4302
151 4841
152 1536
153 5634
154 7681
155 3244
156 1061
157 8909
158 6378
159 717
160 3456
161 3676
162 4726
163 6389
164 989
165 9816
166 1962
167 9724
168 104
169 4284
170 7548
171 9058
172 7406
173 3201
174 1796
175 8103
176 726
177 5534
178 3447
179 9497
180 8282
181 9925
182 8593
183 7642
184 3058
185 7036
186 3397
187 4033
188 3986
189 3367
190 6438
191 7003
192 333
193 8943
194 5167
195 4411
196 716
197 458
198 4993
199 2185
200 3645
201 3544
202 8778
203 3807
204 2128
205 2661
206 9181
207 5851
208 975
209 4779
210 6198
211 2517
212 1704
213 3496
214 7498
215 7722
216 6662
217 3544
218 9702
219 6759
220 894
221 1706
222 4642
223 803
224 7600
225 9125
226 5796
227 6609
228 576
229 1671
230 6597
231 633
232 4972
233 9615
234 4133
235 1506
236 5873
237 5173
238 8851
239 7300
240 2782
241 6677
242 3328
243 4338
244 6860
245 1107
246 911
247 2458
248 7000
249 2481
250 8083
251 7559
252 206
253 2246
254 2774
255 6045
256 1586
257 9192
258 4545
259 7328
260 9292
261 659
262 1520
263 9959
264 205
265 3847
266 3304
267 4143
268 2830
269 5881
270 8694
271 8398
272 4900
273 3968
274 1950
275 949
276 4549
277 2440
278 1638
279 7095
280 5530
281 1781
282 1593
283 2186
284 8952
285 5846
286 4438
287 6183
288 6249
289 7370
290 4275
291 9768
292 716
293 8631
294 6647
295 3908
296 7825
297 3632
298 680
299 4463
300 7751
301 557
302 457
303 913
304 7080
305 8389
306 52
307 3646
308 471
309 9586
310 9473
311 7333
312 7248
313 1485
314 6740
315 8911
316 2305
317 2705
318 4759
319 7418
320 5530
321 7250
322 289
323 9513
324 9001
325 8228
326 6322
327 8909
328 6646
329 5157
330 8483
331 112
332 6743
333 3659
334 693
335 6902
336 3666
337 4044
338 5252
339 3805
340 1644
341 5725
342 7767
343 4416
344 9910
345 7733
346 7869
347 3923
348 5627
349 1676
350 2582
351 4403
352 8206
353 2416
354 339
355 556
356 6259
357 3464
358 176
359 417
360 6302
361 8641
362 2403
363 294
364 557
365 8885
366 4211
367 5672
368 9708
369 3275
370 6063
371 165
372 5318
373 6308
374 2506
375 2719
376 5767
377 9262
378 4048
379 9228
380 9006
381 2069
382 5165
383 8463
384 5245
385 3560
386 7135
387 3821
388 2733
389 2149
390 3440
391 1749
392 218
393 6085
394 9732
395 4920
396 380
397 2232
398 19
399 3242
400 9555
401 5029
402 5647
403 8596
404 396
405 2740
406 3878
407 9836
408 5792
409 6396
410 8453
411 3051
412 4303
413 7956
414 5380
415 8303
416 9660
417 8102
418 3358
419 8194
420 9461
421 826
422 9777
423 5422
424 1093
425 1510
426 9999
427 6253
428 6128
429 7550
430 9777
431 4306
432 7970
433 5729
434 8080
435 4377
436 1343
437 8558
438 347
439 9168
440 6404
441 2542
442 252
443 2733
444 4684
445 4981
446 1409
447 3223
448 8859
449 2309
450 9167
451 4044
452 3443
453 2200
454 6596
455 6992
456 8878
457 3708
458 8106
459 3065
460 7234
461 4601
462 8738
463 6698
464 3722
465 2641
466 7106
467 6975
468 4606
469 8118
470 5226
471 5009
472 8704
473 8184
474 8987
475 139
476 6671
477 9663
478 8939
479 8829
480 9503
481 5915
482 2209
483 9248
484 5303
485 5069
486 2881
487 1391
488 1253
489 1481
490 9963
491 7285
492 5939
493 9618
494 9199
495 8352
496 5700
497 9745
498 7405
499 7312
500 7532
501 7771
502 5748
503 138
504 198
505 7379
506 1466
507 9550
508 4676
509 1208
510 5864
511 5250
512 4855
513 9238
514 133
515 7723
516 9460
517 6761
518 9508
519 1766
520 6607
521 1386
522 617
523 3148
524 3086
525 8353
526 6448
527 6767
528 1508
529 6104
530 8343
531 7549
532 9779
533 9549
534 4640
535 5905
536 9025
537 6747
538 1142
539 8067
540 8043
541 5811
542 9479
543 7846
544 4638
545 2801
546 5591
547 441
548 6794
549 8057
550 2072
551 815
552 9516
553 7981
554 4897
555 8846
556 6409
557 1644
558 7210
559 969
560 8574
561 6730
562 240
563 3357
564 7236
565 7346
566 4192
567 4816
568 692
569 6969
570 9997
571 8512
572 592
573 3462
574 6175
575 423
576 7385
577 9452
578 3758
579 8964
580 9805
581 631
582 6204
583 4627
584 8719
585 6569
586 539
587 682
588 1323
589 3464
590 596
591 5973
592 7750
593 5959
594 3125
595 8693
596 8436
597 5595
598 2834
599 5625
600 7294
601 6779
602 2933
603 4828
604 2659
605 7258
606 3643
607 949
608 5295
609 8979
610 2333
611 1464
612 290
613 6976
614 5397
615 9017
616 7602
617 8438
618 3828
619 9713
620 4217
621 1481
622 1548
623 9749
624 9419
625 3315
626 7997
627 3074
628 3477
629 457
630 4205
631 920
632 9249
633 9459
634 4648
635 9979
636 5633
637 5203
638 5565
639 9759
640 1585
641 5234
642 4056
643 1249
644 9499
645 2837
646 1330
647 8367
648 7171
649 8611
650 7725
651 909
652 8245
653 117
654 6788
655 2681
656 2096
657 1882
658 586
659 1357
660 5430
661 3497
662 8724
663 7212
664 9523
665 1833
666 9031
667 6349
668 9004
669 4521
670 8815
671 278
672 343
673 5749
674 1711
675 7790
676 807
677 2146
678 6683
679 6963
680 1536
681 6088
682 2513
683 4796
684 1615
685 6097
686 3265
687 9533
688 3532
689 9170
690 7612
691 6009
692 4263
693 7868
694 7666
695 7520
696 361
697 5760
698 1036
699 8646
700 9898
701 8459
702 3153
703 2224
704 8884
705 3859
706 5641
707 247
708 4877
709 4448
710 467
711 2832
712 5883
713 6587
714 8919
715 1611
716 8382
717 6513
718 9103
719 3909
720 4317
721 490
722 5542
723 1886
724 3254
725 6992
726 9733
727 6463
728 2514
729 2131
730 1075
731 9297
732 5120
733 5591
734 3427
735 7328
736 2601
737 3314
738 3757
739 3489
740 7329
741 4837
742 5842
743 4079
744 6959
745 7792
746 3758
747 7950
748 1738
749 9379
750 7045
751 5218
752 3986
753 4815
754 1854
755 3505
756 7903
757 5743
758 124
759 7844
760 6966
761 7360
762 1901
763 6356
764 5698
765 1633
766 4265
767 7544
768 2319
769 5405
770 4043
771 6628
772 8901
773 6386
774 441
775 7729
776 6044
777 7098
778 8065
779 5920
780 9803
781 6685
782 404
783 8139
784 9620
785 3158
786 8796
787 4826
788 7356
789 4126
790 2111
791 4742
792 9165
793 2379
794 7987
795 3896
796 3918
797 3740
798 7275
799 5763
800 4150
801 8581
802 9573
803 4035
804 8122
805 5079
806 9192
807 1061
808 4437
809 1850
810 7728
811 4789
812 3918
813 9957
814 1510
815 4577
816 6948
817 9433
818 9643
819 1517
820 8314
821 3461
822 1108
823 2095
824 5753
825 4135
826 7421
827 4916
828 2870
829 7321
830 744
831 9024
832 1846
833 567
834 6015
835 8875
836 6472
837 7241
838 9638
839 5445
840 1426
841 2090
842 6625
843 5135
844 9432
845 8309
846 2653
847 8133
848 3957
849 3829
850 7460
851 5740
852 1453
853 5063
854 1244
855 1792
856 3789
857 9580
858 6280
859 6737
860 8488
861 5338
862 1832
863 4229
864 1650
865 2983
866 1644
867 9123
868 6050
869 9473
870 9763
871 2686
872 4776
873 5805
874 2258
875 5499
876 8998
877 9005
878 9536
879 1063
880 6988
881 8680
882 6358
883 3420
884 338
885 1425
886 4438
887 260
888 2483
889 2166
890 5523
891 8906
892 4089
893 119
894 1268
895 6354
896 9653
897 8466
898 9850
899 6096
900 9742
901 1081
902 8312
903 3853
904 3699
905 6664
906 3888
907 1532
908 8359
909 514
910 7219
911 3742
912 9343
913 6829
914 5259
915 4022
916 2840
917 9899
918 1966
919 8549
920 7420
921 842
922 373
923 3592
924 7416
925 7661
926 555
927 9163
928 1646
929 286
930 4150
931 5478
932 3884
933 9009
934 7613
935 627
936 4337
937 4266
938 3169
939 7648
940 4641
941 8063
942 8566
943 6628
944 2390
945 2503
946 4151
947 2826
948 5052
949 8878
950 8539
951 4926
952 7295
953 1545
954 2199
955 8491
956 178
957 4439
958 1657
959 8423
960 5473
961 4466
962 5694
963 840
964 3428
965 5267
966 8901
967 9129
968 7739
969 6886
970 7283
971 1174
972 7148
973 1700
974 5195
975 4722
976 9164
977 4677
978 2851
979 5703
980 7705
981 6476
982 8872
983 9954
984 3132
985 1196
986 2905
987 2224
988 93
989 6710
990 9205
991 7612
992 5886
993 4402
994 3279
995 9671
996 9613
997 6870
998 140
999 6265
1000 342
1001 6714
1002 4576
1003 9001
1004 646
1005 6844
1006 921
1007 4533
1008 471
1009 2947
1010 2261
1011 6392
1012 5083
1013 1712
1014 6756
1015 4090
1016 21
1017 4192
1018 1811
1019 2237
1020 5426
1021 2322
1022 5188
1023 6135
1024 1896
1025 7982
1026 5854
1027 1902
1028 124
1029 8263
1030 6341
1031 8561
1032 6946
1033 7604
1034 2692
1035 6730
1036 1159
1037 7347
1038 7709
1039 3542
1040 3491
1041 5898
1042 8133
1043 6272
1044 6440
1045 8191
1046 6633
1047 7764
1048 1344
1049 1404
1050 5043
1051 5203
1052 2031
1053 5018
1054 6154
1055 37
1056 6630
1057 7205
1058 7537
1059 929
1060 1762
1061 6255
1062 2392
1063 3502
1064 6194
1065 5316
1066 9206
1067 330
1068 4258
1069 1047
1070 4114
1071 2161
1072 2886
1073 1971
1074 7323
1075 6638
1076 9917
1077 285
1078 7663
1079 3973
1080 5501
1081 1667
1082 7412
1083 9922
1084 2893
1085 1247
1086 2907
1087 5216
1088 9681
1089 298
1090 5115
1091 7143
1092 5611
1093 7450
1094 8374
1095 3366
1096 8551
1097 258
1098 4762
1099 281
1100 5852
1101 7827
1102 6236
1103 8200
1104 4395
1105 2836
1106 6557
1107 3481
1108 8955
1109 1814
1110 303
1111 3365
1112 5141
1113 5776
1114 6802
1115 2718
1116 170
1117 9465
1118 2701
1119 3134
1120 1964
1121 6339
1122 8064
1123 3950
1124 4700
1125 8181
1126 7384
1127 1570
1128 6783
1129 2737
1130 8705
1131 8229
1132 5481
1133 171
1134 1160
1135 3827
1136 946
1137 9258
1138 3684
1139 4755
1140 1215
1141 7230
1142 5374
1143 1830
1144 8890
1145 2980
1146 1053
1147 5345
1148 9729
1149 1946
1150 3941
1151 9032
1152 3070
1153 2374
1154 1050
1155 6300
1156 4174
1157 6938
1158 5862
1159 1498
1160 8934
1161 693
1162 7217
1163 6136
1164 2103
1165 6220
1166 2910
1167 5034
1168 1255
1169 9468
1170 1442
1171 162
1172 9989
1173 5295
1174 5637
1175 586
1176 5580
1177 9977
1178 7348
1179 5385
1180 8195
1181 9087
1182 3380
1183 2641
1184 1114
1185 3035
1186 8945
1187 1712
1188 3954
1189 9303
1190 6407
1191 7848
1192 3804
1193 9954
1194 3954
1195 7926
1196 2391
1197 5328
1198 890
1199 3596
1200 929
1201 30
1202 3713
1203 3418
1204 8123
1205 5267
1206 9863
1207 8767
1208 976
1209 2407
1210 4096
1211 9146
1212 2484
1213 6216
1214 5814
1215 1396
1216 5098
1217 2661
1218 4333
1219 3797
1220 3910
1221 5379
1222 3103
1223 463
1224 8930
1225 6971
1226 3174
1227 3643
1228 1517
1229 6122
1230 838
1231 1536
1232 6072
1233 9213
1234 4287
1235 7038
1236 4425
1237 5579
1238 9403
1239 8511
1240 7006
1241 8846
1242 5318
1243 7065
1244 1849
1245 2896
1246 6280
1247 6151
1248 9755
1249 9918
1250 7522
1251 8288
1252 1521
1253 9723
1254 9340
1255 673
1256 1064
1257 4067
1258 5380
1259 6094
1260 6450
1261 7054
1262 8266
1263 8089
1264 9389
1265 2858
1266 8117
1267 9602
1268 2586
1269 5020
1270 7267
1271 2548
1272 3488
1273 7301
1274 7530
1275 1609
1276 2420
1277 4734
1278 4754
1279 9386
1280 2909
1281 4914
1282 9052
1283 1559
1284 2045
1285 3778
1286 8138
1287 130
1288 9149
1289 7183
1290 5450
1291 4
1292 1740
1293 9460
1294 4412
1295 9163
1296 8785
1297 2748
1298 5082
1299 5537
1300 2597
1301 6419
1302 9689
1303 4288
1304 2361
1305 4202
1306 9130
1307 7674
1308 4242
1309 7685
1310 3348
1311 5927
1312 5326
1313 8825
1314 4707
1315 1657
1316 1181
1317 803
1318 4966
1319 2151
1320 9800
1321 6115
1322 3271
1323 3664
1324 7815
1325 3120
1326 4688
1327 9301
1328 8473
1329 7477
1330 6247
1331 7390
1332 4661
1333 2825
1334 205
1335 411
1336 4411
1337 5902
1338 2280
1339 5484
1340 823
1341 4863
1342 6008
1343 6153
1344 3066
1345 6005
1346 3021
1347 1823
1348 241
1349 3308
1350 3068
1351 5547
1352 5282
1353 7264
1354 6877
1355 3084
1356 1768
1357 4307
1358 9622
1359 6149
1360 2578
1361 5818
1362 2622
1363 602
1364 5610
1365 6188
1366 6222
1367 5950
1368 8501
1369 2662
1370 7294
1371 5995
1372 1166
1373 5843
1374 710
1375 1713
1376 2340
1377 8613
1378 5294
1379 6520
1380 3810
1381 2980
1382 1281
1383 971
1384 3987
1385 8881
1386 8083
1387 8639
1388 653
1389 6349
1390 8311
1391 7411
1392 1234
1393 2595
1394 6419
1395 787
1396 7826
1397 8542
1398 8090
1399 1882
1400 3298
1401 5153
1402 9521
1403 8793
1404 4318
1405 8471
1406 4157
1407 3736
1408 6862
1409 3731
1410 8094
1411 9954
1412 9914
1413 3121
1414 4363
1415 9748
1416 3416
1417 8805
1418 618
1419 4225
1420 7267
1421 2687
1422 4365
1423 319
1424 9196
1425 7049
1426 4817
1427 3504
1428 648
1429 5689
1430 677
1431 5216
1432 1505
1433 3448
1434 8728
1435 2493
1436 6406
1437 3168
1438 8977
1439 3546
1440 7702
1441 2977
1442 8273
1443 7106
1444 2690
1445 3574
1446 5810
1447 5217
1448 5653
1449 4712
1450 760
1451 8904
1452 8453
1453 2425
1454 4356
1455 3593
1456 6938
1457 3710
1458 6218
1459 6534
1460 4296
1461 3373
1462 7438
1463 1582
1464 6584
1465 8513
1466 989
1467 7643
1468 180
1469 9741
1470 3423
1471 5874
1472 5638
1473 4632
1474 473
1475 7252
1476 7544
1477 8159
1478 3179
1479 6569
1480 5348
1481 6860
1482 472
1483 1060
1484 5879
1485 8395
1486 8763
1487 1903
1488 4258
1489 5764
1490 9009
1491 4657
1492 6284
1493 5972
1494 6990
1495 314
1496 1990
1497 6206
1498 3066
1499 2124
1500 7054
1501 6682
1502 3564
1503 4570
1504 6014
1505 8255
1506 7140
1507 9992
1508 8825
1509 4603
1510 5915
1511 5182
1512 192
1513 3329
1514 3039
1515 5042
1516 9338
1517 7707
1518 5422
1519 2833
1520 6382
1521 920
1522 2818
1523 6921
1524 336
1525 7669
1526 2183
1527 2044
1528 2895
1529 3766
1530 9295
1531 9044
1532 1645
1533 2983
1534 7988
1535 818
1536 6089
1537 1803
1538 1028
1539 3771
1540 9986
1541 6971
1542 5666
1543 3462
1544 3896
1545 7768
1546 1195
1547 323
1548 2536
1549 4808
1550 5472
1551 6343
1552 2567
1553 9788
1554 2280
1555 6427
1556 7801
1557 6143
1558 1673
1559 8787
1560 421
1561 8812
1562 974
1563 7149
1564 8820
1565 2437
1566 4996
1567 3847
1568 4894
1569 1248
1570 213
1571 6909
1572 6252
1573 597
1574 9111
1575 6178
1576 1673
1577 9638
1578 7767
1579 3143
1580 1380
1581 7039
1582 1801
1583 6735
1584 7204
1585 6735
1586 3290
1587 2596
1588 1570
1589 8745
1590 3991
1591 6526
1592 8364
1593 835
1594 8239
1595 3715
1596 3227
1597 447
1598 2301
1599 4144
1600 5582
1601 2701
1602 5601
1603 1125
1604 9785
1605 9519
1606 3281
1607 4302
1608 8211
1609 6957
1610 8805
1611 664
1612 4774
1613 2692
1614 9995
1615 7111
1616 3424
1617 3268
1618 1767
1619 5948
1620 2494
1621 1180
1622 4120
1623 307
1624 2425
1625 5190
1626 4461
1627 9950
1628 1346
1629 3333
1630 9224
1631 9168
1632 284
1633 7027
1634 940
1635 7560
1636 7352
1637 6408
1638 3378
1639 1348
1640 8157
1641 1544
1642 9215
1643 7618
1644 7907
1645 1566
1646 1785
1647 6341
1648 9196
1649 3890
1650 4913
1651 5379
1652 8296
1653 8691
1654 2567
1655 1820
1656 1939
1657 9595
1658 3119
1659 8898
1660 6024
1661 136
1662 1393
1663 1564
1664 7464
1665 6965
1666 5326
1667 5305
1668 488
1669 4998
1670 3103
1671 2206
1672 9091
1673 6761
1674 899
1675 5459
1676 8045
1677 8023
1678 995
1679 8520
1680 5938
1681 4481
1682 4973
1683 7932
1684 4991
1685 9740
1686 6929
1687 9490
1688 4103
1689 3120
1690 7193
1691 5835
1692 3518
1693 6929
1694 7938
1695 9873
1696 1766
1697 6748
1698 8216
1699 2427
1700 8166
1701 5023
1702 7473
1703 4483
1704 7006
1705 7762
1706 3385
1707 4011
1708 2822
1709 6546
1710 1986
1711 4936
1712 9616
1713 3158
1714 5493
1715 1077
1716 799
1717 2188
1718 5974
1719 1065
1720 704
1721 7686
1722 1045
1723 1174
1724 3036
1725 3618
1726 1189
1727 1744
1728 6377
1729 4223
1730 6936
1731 9492
1732 1956
1733 9642
1734 8146
1735 2340
1736 4290
1737 4232
1738 6965
1739 5623
1740 1029
1741 9793
1742 607
1743 8533
1744 4345
1745 3650
1746 82
1747 7482
1748 2562
1749 1977
1750 6206
1751 8704
1752 7345
1753 2054
1754 4804
1755 5858
1756 8777
1757 3255
1758 8876
1759 9651
1760 7872
1761 5465
1762 6692
1763 5590
1764 3702
1765 5377
1766 1242
1767 2830
1768 198
1769 5633
1770 8327
1771 1814
1772 5909
1773 9158
1774 7641
1775 869
1776 8500
1777 1163
1778 3670
1779 2292
1780 4660
1781 4315
1782 942
1783 6564
1784 5180
1785 8325
1786 1251
1787 9271
1788 4475
1789 3839
1790 8822
1791 9106
1792 3572
1793 1905
1794 3079
1795 6864
1796 5676
1797 4539
1798 7667
1799 4736
1800 3837
1801 8951
1802 8692
1803 2426
1804 945
1805 7825
1806 4751
1807 1582
1808 3313
1809 753
1810 6268
1811 2904
1812 429
1813 7351
1814 1881
1815 887
1816 5136
1817 927
1818 5207
1819 9628
1820 435
1821 2626
1822 6143
1823 9367
1824 1397
1825 9941
1826 7090
1827 7532
1828 3254
1829 166
1830 5933
1831 9908
1832 9638
1833 8933
1834 4448
1835 7275
1836 8153
1837 6322
1838 2930
1839 355
1840 3979
1841 8191
1842 9230
1843 1239
1844 6074
1845 8366
1846 3180
1847 2591
1848 4647
1849 8117
1850 5411
1851 6881
1852 3079
1853 2934
1854 2943
1855 6653
1856 2217
1857 3060
1858 2629
1859 3414
1860 74
1861 3446
1862 7482
1863 7101
1864 5341
1865 841
1866 285
1867 300
1868 8869
1869 584
1870 3445
1871 1375
1872 3259
1873 3336
1874 4011
1875 8522
1876 7086
1877 2444
1878 8023
1879 2354
1880 6877
1881 5968
1882 8911
1883 8119
1884 6983
1885 3451
1886 515
1887 9860
1888 4711
1889 6460
1890 6515
1891 7957
1892 5709
1893 3658
1894 4507
1895 8315
1896 2470
1897 5686
1898 4830
1899 6214
1900 7045
1901 2505
1902 1287
1903 298
1904 7584
1905 6002
1906 3424
1907 2553
1908 7158
1909 3661
1910 7692
1911 8206
1912 2453
1913 4870
1914 7945
1915 5467
1916 9422
1917 41
1918 4035
1919 8771
1920 2714
1921 4164
1922 997
1923 761
1924 5828
1925 597
1926 277
1927 7631
1928 9311
1929 7981
1930 8779
1931 9654
1932 5037
1933 2994
1934 1116
1935 3711
1936 5659
1937 4328
1938 5405
1939 7487
1940 9601
1941 8766
1942 3146
1943 5614
1944 3691
1945 8516
1946 9329
1947 6488
1948 7407
1949 50
1950 9760
1951 4768
1952 5074
1953 8642
1954 8764
1955 8602
1956 4865
1957 9507
1958 1956
1959 2548
1960 6391
1961 5979
1962 5535
1963 6834
1964 1899
1965 7536
1966 5711
1967 1096
1968 9564
1969 5646
1970 9271
1971 6105
1972 1263
1973 3359
1974 9085
1975 69
1976 1325
1977 5405
1978 6338
1979 7082
1980 7229
1981 9113
1982 4725
1983 4048
1984 8007
1985 2932
1986 449
1987 8961
1988 1181
1989 8517
1990 5925
1991 7824
1992 4460
1993 4418
1994 4345
1995 9689
1996 4169
1997 4244
1998 6913
1999 9291
2000 8362
2001 9851
2002 4478
2003 4593
2004 8940
2005 576
2006 528
2007 2177
2008 3737
2009 2829
2010 3094
2011 6885
2012 6498
2013 462
2014 8942
2015 3333
2016 9947
2017 5254
2018 4644
2019 6046
2020 4736
2021 8566
2022 5607
2023 1810
2024 4963
2025 9769
2026 5926
2027 2534
2028 9165
2029 4419
2030 9078
2031 9457
2032 4198
2033 5272
2034 1880
2035 9813
2036 8293
2037 2269
2038 1883
2039 5247
2040 8684
2041 3371
2042 1448
2043 7174
2044 8687
2045 6731
2046 95
2047 8084
2048 8901
2049 6135
2050 410
2051 9321
2052 7250
2053 5838
2054 1789
2055 5291
2056 3026
2057 7977
2058 609
2059 1207
2060 772
2061 5605
2062 5020
2063 6534
2064 904
2065 7035
2066 7495
2067 9086
2068 5269
2069 2689
2070 8520
2071 5375
2072 7525
2073 3898
2074 369
2075 1263
2076 168
2077 4262
2078 741
2079 3214
2080 2302
2081 8023
2082 2282
2083 4528
2084 4872
2085 6695
2086 5442
2087 2823
2088 2926
2089 4704
2090 8971
2091 4723
2092 7737
2093 7145
2094 4460
2095 1211
2096 5104
2097 7942
2098 8756
2099 2457
2100 9
2101 4664
2102 843
2103 4035
2104 1955
2105 7056
2106 7822
2107 7406
2108 9758
2109 9915
2110 8001
2111 6302
2112 9366
2113 7409
2114 7784
2115 7213
2116 3344
2117 5106
2118 3044
2119 6571
2120 6078
2121 8077
2122 4965
2123 9424
2124 4457
2125 8240
2126 4970
2127 4384
2128 9816
2129 1828
2130 3277
2131 7479
2132 3273
2133 8288
2134 860
2135 3166
2136 3227
2137 5261
2138 5159
2139 4196
2140 758
2141 371
2142 5762
2143 3304
2144 5940
2145 9446
2146 7437
2147 8753
2148 5668
2149 2580
2150 4405
2151 2644
2152 1508
2153 3927
2154 1561
2155 5629
2156 4271
2157 8504
2158 5426
2159 4121
2160 556
2161 9443
2162 113
2163 6485
2164 5347
2165 2093
2166 1261
2167 2760
2168 3884
2169 7199
2170 4003
2171 8464
2172 5493
2173 3940
2174 9375
2175 6766
2176 1858
2177 5067
2178 7265
2179 4881
2180 2272
2181 598
2182 2986
2183 9939
2184 8834
2185 3540
2186 8879
2187 6784
2188 5251
2189 1021
2190 1952
2191 5126
2192 3941
2193 6809
2194 3515
2195 6364
2196 7467
2197 6740
2198 6984
2199 950
2200 1988
2201 6814
2202 5628
2203 5684
2204 2355
2205 4868
2206 2848
2207 6538
2208 796
2209 607
2210 3811
2211 6710
2212 3675
2213 5542
2214 8721
2215 1474
2216 3742
2217 3894
2218 4821
2219 1113
2220 8493
2221 7899
2222 6367
2223 699
2224 8793
2225 6099
2226 9192
2227 835
2228 5729
2229 1193
2230 9291
2231 6599
2232 7845
2233 4805
2234 2849
2235 2870
2236 5342
2237 143
2238 8547
2239 2987
2240 2625
2241 9916
2242 1644
2243 4259
2244 5657
2245 6130
2246 3342
2247 8225
2248 5967
2249 408
2250 8211
2251 5770
2252 8908
2253 8333
2254 7131
2255 7200
2256 9743
2257 9001
2258 3074
2259 5224
2260 7509
2261 1406
2262 2340
2263 4384
2264 3239
2265 2621
2266 4406
2267 3974
2268 6100
2269 8803
2270 9391
2271 2708
2272 8261
2273 8985
2274 3368
2275 2481
2276 6917
2277 3348
2278 8200
2279 5470
2280 9772
2281 2183
2282 4424
2283 3484
2284 8515
2285 9156
2286 2798
2287 1014
2288 3335
2289 2587
2290 2566
2291 3740
2292 376
2293 1502
2294 2254
2295 2390
2296 3155
2297 8954
2298 1844
2299 7794
2300 8465
2301 3740
2302 3551
2303 6739
2304 7023
2305 3062
2306 2130
2307 9783
2308 9249
2309 2876
2310 4586
2311 1621
2312 6924
2313 9750
2314 3524
2315 1717
2316 2226
2317 7897
2318 7956
2319 8010
2320 6625
2321 7685
2322 314
2323 9246
2324 3510
2325 7456
2326 8699
2327 2190
2328 12
2329 8732
2330 8904
2331 8367
2332 5504
2333 6010
2334 1647
2335 1272
2336 6485
2337 6271
2338 6636
2339 9057
2340 199
2341 27
2342 6555
2343 9563
2344 2174
2345 5311
2346 899
2347 4308
2348 6144
2349 8339
2350 1678
2351 5507
2352 8291
2353 9744
2354 458
2355 5542
2356 1617
2357 3273
2358 8951
2359 1443
2360 388
2361 4615
2362 3405
2363 7871
2364 9052
2365 1638
2366 6444
2367 870
2368 4829
2369 3731
2370 8655
2371 1200
2372 8237
2373 7173
2374 6250
2375 494
2376 1235
2377 5481
2378 395
2379 5627
2380 8351
2381 8573
2382 8471
2383 6737
2384 2232
2385 2208
2386 7398
2387 2133
2388 1348
2389 9677
2390 4470
2391 8970
2392 4251
2393 990
2394 1628
2395 2030
2396 1759
2397 922
2398 5048
2399 4173
2400 5697
2401 6177
2402 3031
2403 1146
2404 422
2405 3680
2406 1717
2407 262
2408 1261
2409 6540
2410 9950
2411 7223
2412 2198
2413 1560
2414 1718
2415 7805
2416 3675
2417 2382
2418 7051
2419 1508
2420 209
2421 5284
2422 9973
2423 2354
2424 6685
2425 461
2426 5202
2427 8007
2428 1627
2429 244
2430 3610
2431 2117
2432 5548
2433 7075
2434 192
2435 6383
2436 2563
2437 8339
2438 7236
2439 8202
2440 3825
2441 2168
2442 9729
2443 6976
2444 2099
2445 8180
2446 9632
2447 7155
2448 7774
2449 9802
2450 609
2451 8916
2452 7983
2453 290
2454 5008
2455 8019
2456 2122
2457 2848
2458 488
2459 4812
2460 9051
2461 6376
2462 4513
2463 8645
2464 3511
2465 2247
2466 1161
2467 7988
2468 1893
2469 4295
2470 6139
2471 8475
2472 398
2473 3696
2474 2761
2475 748
2476 1817
2477 2795
2478 3696
2479 7530
2480 718
2481 7103
2482 801
2483 4639
2484 642
2485 2650
2486 8021
2487 3820
2488 1068
2489 6678
2490 465
2491 6196
2492 6364
2493 3284
2494 6080
2495 3917
2496 3734
2497 1987
2498 5063
2499 4144
2500 2230
2501 6484
2502 6132
2503 3905
2504 328
2505 2846
2506 8070
2507 6532
2508 5261
2509 1302
2510 9617
2511 438
2512 3331
2513 3391
2514 654
2515 8768
2516 6765
2517 6760
2518 2933
2519 4133
2520 9330
2521 3180
2522 9113
2523 6055
2524 9873
2525 1435
2526 4762
2527 28
2528 244
2529 5677
2530 9141
2531 6170
2532 1643
2533 1557
2534 7117
2535 2316
2536 1317
2537 6977
2538 6315
2539 1101
2540 9774
2541 1693
2542 768
2543 3113
2544 7179
2545 108
2546 4749
2547 8482
2548 6455
2549 4639
2550 8210
2551 7444
2552 9750
2553 2779
2554 8300
2555 6329
2556 4402
2557 9607
2558 9841
2559 9216
2560 4296
2561 8914
2562 1256
2563 7045
2564 2620
2565 320
2566 1518
2567 5374
2568 2401
2569 6830
2570 7918
2571 9163
2572 1922
2573 7107
2574 4139
2575 7977
2576 3169
2577 9405
2578 2986
2579 7817
2580 2750
2581 9610
2582 8436
2583 6431
2584 6428
2585 4090
2586 7165
2587 7405
2588 334
2589 9192
2590 626
2591 4581
2592 4227
2593 3120
2594 4908
2595 2434
2596 4733
2597 2659
2598 7098
2599 9919
2600 9426
2601 6769
2602 3705
2603 5007
2604 5790
2605 1390
2606 8781
2607 4607
2608 2659
2609 5010
2610 6837
2611 9946
2612 5547
2613 2482
2614 8385
2615 556
2616 1453
2617 5414
2618 4001
2619 1012
2620 3152
2621 1005
2622 6150
2623 3290
2624 7811
2625 7668
2626 6734
2627 4211
2628 9804
2629 4977
2630 2284
2631 1809
2632 3031
2633 7528
2634 8036
2635 6655
2636 3768
2637 7153
2638 6757
2639 4192
2640 1053
2641 5594
2642 8111
2643 1954
2644 8011
2645 232
2646 9595
2647 1155
2648 4131
2649 8730
2650 645
2651 5627
2652 5478
2653 4589
2654 7365
2655 2295
2656 7114
2657 4499
2658 6529
2659 6490
2660 9570
2661 121
2662 3992
2663 2252
2664 9123
2665 1455
2666 4443
2667 2511
2668 9845
2669 6323
2670 6585
2671 6501
2672 3912
2673 647
2674 212
2675 2112
2676 5493
2677 7186
2678 9436
2679 9021
2680 2714
2681 6190
2682 9358
2683 4372
2684 1615
2685 22
2686 1843
2687 6547
2688 5843
2689 5241
2690 9748
2691 4143
2692 5852
2693 9816
2694 7942
2695 6648
2696 1855
2697 253
2698 3764
2699 517
2700 5400
2701 3206
2702 9191
2703 9342
2704 5555
2705 8840
2706 1901
2707 9652
2708 6950
2709 8702
2710 2688
2711 4494
2712 8628
2713 9111
2714 2213
2715 5416
2716 4590
2717 2226
2718 973
2719 9705
2720 9201
2721 826
2722 2519
2723 3832
2724 3219
2725 9595
2726 1488
2727 5925
2728 9108
2729 5229
2730 4777
2731 9794
2732 7492
2733 39
2734 6348
2735 528
2736 160
2737 8898
2738 3550
2739 7044
2740 8853
2741 7347
2742 5607
2743 51
2744 3202
2745 9473
2746 2978
2747 4874
2748 5692
2749 7768
2750 9654
2751 7349
2752 6244
2753 3613
2754 9152
2755 7529
2756 4153
2757 6235
2758 8934
2759 379
2760 466
2761 34
2762 7334
2763 4800
2764 9649
2765 5049
2766 1632
2767 2338
2768 5372
2769 2967
2770 5909
2771 4773
2772 1611
2773 1587
2774 2503
2775 5389
2776 6896
2777 3910
2778 1498
2779 2210
2780 6513
2781 4173
2782 8498
2783 2699
2784 4731
2785 2007
2786 2148
2787 8547
2788 6716
2789 7684
2790 9363
2791 6010
2792 7697
2793 5910
2794 7999
2795 1979
2796 5165
2797 3009
2798 3864
2799 8482
2800 8403
2801 2488
2802 1359
2803 8608
2804 8483
2805 6960
2806 4808
2807 5019
2808 1029
2809 208
2810 588
2811 8132
2812 3493
2813 1727
2814 8521
2815 4818
2816 8478
2817 7571
2818 4712
2819 60
2820 4717
2821 5492
2822 6952
2823 3358
2824 7729
2825 9432
2826 8180
2827 8908
2828 2885
2829 8296
2830 3059
2831 3560
2832 4637
2833 6558
2834 7678
2835 9384
2836 6995
2837 9765
2838 2652
2839 8349
2840 2009
2841 6293
2842 5408
2843 5000
2844 4957
2845 7785
2846 8348
2847 9336
2848 7213
2849 4658
2850 5757
2851 6130
2852 378
2853 9747
2854 3798
2855 8845
2856 8132
2857 2752
2858 4764
2859 5952
2860 5500
2861 444
2862 8871
2863 5028
2864 8733
2865 2807
2866 4296
2867 5275
2868 2854
2869 3236
2870 8932
2871 2274
2872 8061
2873 1730
2874 5355
2875 9721
2876 658
2877 3577
2878 3902
2879 1652
2880 8928
2881 2516
2882 7420
2883 5237
2884 9497
2885 6505
2886 5241
2887 8611
2888 5092
2889 6348
2890 3252
2891 409
2892 333
2893 2205
2894 1543
2895 7661
2896 8228
2897 762
2898 1057
2899 6568
2900 6367
2901 6232
2902 5885
2903 6262
2904 8455
2905 1716
2906 8444
2907 9150
2908 3815
2909 3515
2910 608
2911 2656
2912 4731
2913 9918
2914 5069
2915 6296
2916 9119
2917 7721
2918 7686
2919 4853
2920 3896
2921 4259
2922 3395
2923 3166
2924 2637
2925 102
2926 5356
2927 515
2928 9644
2929 7719
2930 9479
2931 2941
2932 1356
2933 4411
2934 4163
2935 9946
2936 5234
2937 3575
2938 8195
2939 7990
2940 5660
2941 6998
2942 8086
2943 6935
2944 6206
2945 2275
2946 9810
2947 7189
2948 7697
2949 3678
2950 8922
2951 4660
2952 1901
2953 1839
2954 7326
2955 7846
2956 1382
2957 7488
2958 4570
2959 6389
2960 7086
2961 7112
2962 6511
2963 3236
2964 6574
2965 3917
2966 4399
2967 3208
2968 7445
2969 5748
2970 3015
2971 9198
2972 2473
2973 2721
2974 7351
2975 3492
2976 5257
2977 1260
2978 3501
2979 5789
2980 7761
2981 7924
2982 949
2983 1353
2984 4023
2985 5994
2986 199
2987 2460
2988 7543
2989 102
2990 1877
2991 3790
2992 3349
2993 9378
2994 798
2995 7737
2996 9620
2997 7559
2998 1289
2999 8768
3000 7864
3001 9292
3002 8086
3003 6876
3004 5126
3005 5482
3006 507
3007 8953
3008 6471
3009 6920
3010 6262
3011 3483
3012 1083
3013 4701
3014 5296
3015 8323
3016 708
3017 7931
3018 3320
3019 3555
3020 4899
3021 4127
3022 9346
3023 1393
3024 3521
3025 5334
3026 1435
3027 2941
3028 3355
3029 3493
3030 153
3031 7272
3032 2227
3033 1874
3034 9747
3035 1679
3036 1123
3037 5486
3038 2949
3039 3284
3040 1964
3041 2304
3042 6480
3043 1200
3044 6344
3045 8875
3046 847
3047 5368
3048 8415
3049 8396
3050 9783
3051 2868
3052 3316
3053 6741
3054 1869
3055 5007
3056 1088
3057 2036
3058 9230
3059 8841
3060 4821
3061 6405
3062 6017
3063 4881
3064 959
3065 4260
3066 2381
3067 8713
3068 9143
3069 152
3070 8055
3071 8002
3072 8739
3073 574
3074 3324
3075 7935
3076 9300
3077 8370
3078 4160
3079 7534
3080 2589
3081 5427
3082 2605
3083 6472
3084 4543
3085 9183
3086 3110
3087 7036
3088 6533
3089 1160
3090 464
3091 8691
3092 6653
3093 1190
3094 5179
3095 3356
3096 3399
3097 9315
3098 7798
3099 7933
3100 6077
3101 8424
3102 4389
3103 6889
3104 8539
3105 4631
3106 1752
3107 1775
3108 5445
3109 9101
3110 2292
3111 6446
3112 3147
3113 4589
3114 5360
3115 6432
3116 501
3117 2300
3118 3955
3119 8444
3120 8444
3121 9859
3122 3148
3123 1291
3124 997
3125 9138
3126 9285
3127 2649
3128 4532
3129 3494
3130 7120
3131 7047
3132 6573
3133 7570
3134 5391
3135 9203
3136 196
3137 9227
3138 19
3139 3425
3140 5180
3141 2400
3142 8120
3143 4153
3144 2450
3145 1724
3146 5315
3147 4949
3148 4076
3149 4611
3150 3452
3151 3212
3152 7116
3153 4142
3154 5788
3155 5756
3156 5928
3157 6610
3158 1897
3159 5990
3160 4218
3161 837
3162 5167
3163 6915
3164 5076
3165 2496
3166 1581
3167 5396
3168 4493
3169 5591
3170 9693
3171 2231
3172 1481
3173 4954
3174 8163
3175 9463
3176 5786
3177 8195
3178 9064
3179 1015
3180 2405
3181 2860
3182 2265
3183 5311
3184 653
3185 4737
3186 8639
3187 8797
3188 4360
3189 6223
3190 7572
3191 7474
3192 8917
3193 9462
3194 7341
3195 9450
3196 367
3197 7550
3198 5254
3199 5317
3200 1508
3201 8545
3202 8158
3203 4709
3204 59
3205 1232
3206 2903
3207 6779
3208 4347
3209 8625
3210 663
3211 9563
3212 2674
3213 5073
3214 8619
3215 8154
3216 3575
3217 5463
3218 7466
3219 4490
3220 5470
3221 534
3222 3425
3223 2149
3224 5920
3225 563
3226 9011
3227 8015
3228 2607
3229 825
3230 7675
3231 8937
3232 476
3233 6123
3234 3627
3235 5566
3236 2032
3237 8420
3238 9612
3239 7443
3240 703
3241 1148
3242 2265
3243 3115
3244 404
3245 6114
3246 6745
3247 6567
3248 7917
3249 4098
3250 9809
3251 6556
3252 8607
3253 8214
3254 3212
3255 8604
3256 76
3257 9898
3258 7397
3259 328
3260 2875
3261 971
3262 8781
3263 9552
3264 2137
3265 1688
3266 2653
3267 1231
3268 9085
3269 3850
3270 7669
3271 3564
3272 6791
3273 149
3274 7254
3275 5934
3276 244
3277 5746
3278 7832
3279 1247
3280 6838
3281 5749
3282 3735
3283 3135
3284 9712
3285 2740
3286 3892
3287 4059
3288 3023
3289 1787
3290 5955
3291 3860
3292 5212
3293 6500
3294 9371
3295 9502
3296 3591
3297 8558
3298 134
3299 5873
3300 1144
3301 4933
3302 6384
3303 4366
3304 4382
3305 1507
3306 5879
3307 674
3308 9260
3309 9181
3310 3468
3311 5729
3312 719
3313 8721
3314 9102
3315 4060
3316 233
3317 3565
3318 4708
3319 1949
3320 4914
3321 5609
3322 1263
3323 3737
3324 1160
3325 7591
3326 5813
3327 8380
3328 5653
3329 7118
3330 1830
3331 9935
3332 6534
3333 1591
3334 5322
3335 5021
3336 8067
3337 344
3338 3393
3339 7531
3340 2730
3341 141
3342 1595
3343 5843
3344 5769
3345 2885
3346 1321
3347 637
3348 8541
3349 9812
3350 8752
3351 2016
3352 8646
3353 4788
3354 2404
3355 3137
3356 6803
3357 397
3358 7231
3359 3748
3360 2702
3361 4441
3362 9365
3363 1151
3364 4650
3365 1188
3366 7123
3367 7985
3368 733
3369 1264
3370 681
3371 5892
3372 2431
3373 6414
3374 4948
3375 1685
3376 5130
3377 548
3378 7611
3379 7913
3380 3846
3381 6444
3382 7042
3383 2893
3384 6592
3385 8295
3386 2853
3387 6195
3388 2310
3389 3856
3390 5211
3391 4346
3392 5042
3393 6411
3394 7743
3395 8078
3396 1120
3397 5961
3398 2827
3399 6840
3400 1543
3401 1101
3402 7401
3403 8489
3404 7433
3405 7910
3406 2010
3407 2072
3408 2479
3409 9822
3410 5759
3411 9458
3412 2611
3413 2955
3414 5093
3415 7194
3416 9822
3417 4637
3418 4859
3419 3400
3420 3972
3421 8989
3422 5993
3423 5812
3424 3749
3425 2337
3426 5352
3427 6118
3428 5474
3429 2952
3430 9691
3431 2632
3432 6410
3433 4162
3434 7616
3435 8043
3436 7386
3437 7218
3438 454
3439 1509
3440 8129
3441 494
3442 5386
3443 4639
3444 7474
3445 4545
3446 1989
3447 9103
3448 9839
3449 8355
3450 6330
3451 9494
3452 8749
3453 716
3454 5170
3455 8885
3456 8027
3457 2074
3458 6481
3459 6045
3460 1309
3461 6442
3462 1517
3463 2703
3464 981
3465 9969
3466 7929
3467 6421
3468 8316
3469 2662
3470 3091
3471 9652
3472 7637
3473 2394
3474 1698
3475 8392
3476 8657
3477 5806
3478 1955
3479 4459
3480 2804
3481 9016
3482 223
3483 3880
3484 1306
3485 2155
3486 4883
3487 126
3488 5061
3489 5645
3490 6323
3491 5026
3492 8952
3493 2879
3494 1473
3495 2036
3496 6114
3497 3505
3498 8116
3499 6281
3500 914
3501 3859
3502 6319
3503 3269
3504 2907
3505 6265
3506 1754
3507 3500
3508 7885
3509 6900
3510 8429
3511 3347
3512 6265
3513 2705
3514 6420
3515 3513
3516 3554
3517 1435
3518 3524
3519 5129
3520 2371
3521 5355
3522 8488
3523 155
3524 631
3525 8311
3526 7411
3527 7089
3528 5855
3529 7959
3530 4265
3531 5228
3532 1324
3533 9773
3534 1071
3535 706
3536 5789
3537 7130
3538 3217
3539 5369
3540 4804
3541 2245
3542 636
3543 5183
3544 8386
3545 6025
3546 6120
3547 8305
3548 6696
3549 998
3550 7927
3551 4230
3552 2667
3553 413
3554 5013
3555 4469
3556 8137
3557 8318
3558 9696
3559 2134
3560 7916
3561 9969
3562 4407
3563 2459
3564 4439
3565 9276
3566 6257
3567 8846
3568 4188
3569 164
3570 5624
3571 9303
3572 5893
3573 1693
3574 2660
3575 6303
3576 9673
3577 2586
3578 8721
3579 9027
3580 5762
3581 9407
3582 8069
3583 724
3584 1198
3585 4052
3586 8870
3587 5481
3588 2993
3589 445
3590 1523
3591 8094
3592 6657
3593 7366
3594 6651
3595 7915
3596 9688
3597 4201
3598 4719
3599 2573
3600 663
3601 9063
3602 4137
3603 277
3604 5883
3605 4212
3606 5012
3607 52
3608 7208
3609 2000
3610 1204
3611 7706
3612 6654
3613 5653
3614 4265
3615 1578
3616 5610
3617 3147
3618 8977
3619 6199
3620 9117
3621 9131
3622 1739
3623 3882
3624 8561
3625 9419
3626 9824
3627 3935
3628 9332
3629 4899
3630 1671
3631 6739
3632 3535
3633 6909
3634 5807
3635 5217
3636 1672
3637 4070
3638 8709
3639 9372
3640 1370
3641 1378
3642 20
3643 527
3644 5686
3645 5963
3646 6867
3647 640
3648 8298
3649 333
3650 7709
3651 8658
3652 7990
3653 3142
3654 172
3655 239
3656 214
3657 9576
3658 6596
3659 9400
3660 9247
3661 8296
3662 5652
3663 620
3664 486
3665 9546
3666 8333
3667 7769
3668 8742
3669 9515
3670 1841
3671 1885
3672 5073
3673 9320
3674 5473
3675 3232
3676 1623
3677 3102
3678 8460
3679 4358
3680 1259
3681 8626
3682 903
3683 9938
3684 6324
3685 5503
3686 5445
3687 6069
3688 8785
3689 715
3690 9125
3691 6390
3692 2224
3693 8452
3694 1969
3695 4883
3696 4666
3697 1443
3698 1321
3699 5581
3700 73
3701 3955
3702 8646
3703 7490
3704 5483
3705 2413
3706 8605
3707 9025
3708 226
3709 8187
3710 8562
3711 9986
3712 3445
3713 8541
3714 375
3715 695
3716 6221
3717 5927
3718 5303
3719 7283
3720 5000
3721 2881
3722 7184
3723 9329
3724 3753
3725 9615
3726 8646
3727 1051
3728 3294
3729 4065
3730 46
3731 75
3732 7560
3733 9644
3734 1082
3735 8441
3736 8258
3737 4223
3738 581
3739 8964
3740 1289
3741 4987
3742 816
3743 6302
3744 620
3745 7713
3746 8923
3747 6187
3748 7848
3749 5752
3750 9433
3751 8131
3752 8627
3753 3532
3754 8801
3755 6639
3756 317
3757 1776
3758 4873
3759 3461
3760 8764
3761 6744
3762 1709
3763 8721
3764 5930
3765 3859
3766 2898
3767 1942
3768 4268
3769 6788
3770 4574
3771 4870
3772 8183
3773 6731
3774 2694
3775 6819
3776 7708
3777 3013
3778 7841
3779 9793
3780 4596
3781 5366
3782 4789
3783 5040
3784 6447
3785 288
3786 3391
3787 4888
3788 185
3789 8731
3790 1950
3791 3728
3792 2247
3793 48
3794 4198
3795 9818
3796 9157
3797 7585
3798 6207
3799 5233
3800 8827
3801 4617
3802 149
3803 4723
3804 9894
3805 5419
3806 7686
3807 5497
3808 3651
3809 5169
3810 6926
3811 9045
3812 751
3813 4145
3814 3413
3815 2958
3816 2739
3817 6167
3818 7390
3819 5442
3820 6698
3821 8633
3822 6736
3823 7712
3824 9794
3825 1645
3826 7349
3827 9761
3828 9377
3829 6694
3830 557
3831 3175
3832 3424
3833 1178
3834 149
3835 562
3836 5569
3837 3621
3838 6
3839 4959
3840 8761
3841 5886
3842 6992
3843 4150
3844 1654
3845 2880
3846 2754
3847 4184
3848 2256
3849 7335
3850 2395
3851 3614
3852 4065
3853 7050
3854 7597
3855 4975
3856 940
3857 4679
3858 6703
3859 2825
3860 8306
3861 5630
3862 4508
3863 8343
3864 9944
3865 7895
3866 80
3867 8887
3868 1551
3869 8793
3870 1785
3871 7199
3872 4574
3873 7463
3874 4874
3875 9016
3876 6375
3877 8711
3878 8495
3879 9713
3880 5703
3881 3351
3882 5790
3883 317
3884 5651
3885 2523
3886 2851
3887 748
3888 9808
3889 8637
3890 9767
3891 3433
3892 1157
3893 3586
3894 9696
3895 3608
3896 7406
3897 5643
3898 9992
3899 3559
3900 924
3901 76
3902 2765
3903 6800
3904 6201
3905 4915
3906 941
3907 4779
3908 2872
3909 2557
3910 9875
3911 3067
3912 7715
3913 9904
3914 3889
3915 6210
3916 4768
3917 4620
3918 1718
3919 394
3920 8714
3921 2714
3922 4777
3923 938
3924 3051
3925 3191
3926 7415
3927 7231
3928 1184
3929 8743
3930 8870
3931 1201
3932 5552
3933 7604
3934 2504
3935 6644
3936 7184
3937 588
3938 9108
3939 5824
3940 5660
3941 9049
3942 7507
3943 6640
3944 7339
3945 4067
3946 7567
3947 8353
3948 7968
3949 4496
3950 7764
3951 6368
3952 4266
3953 1689
3954 1951
3955 6892
3956 7939
3957 1688
3958 7682
3959 445
3960 4738
3961 1450
3962 1512
3963 9097
3964 622
3965 4314
3966 5066
3967 6126
3968 6852
3969 1283
3970 9339
3971 8317
3972 5978
3973 8962
3974 3704
3975 530
3976 1007
3977 2031
3978 395
3979 9355
3980 833
3981 7945
3982 4852
3983 7680
3984 5973
3985 4288
3986 7254
3987 4828
3988 13
3989 4614
3990 810
3991 7549
3992 3845
3993 6956
3994 7921
3995 5592
3996 1683
3997 251
3998 6223
3999 1864
4000 168
4001 7870
4002 2665
4003 1224
4004 4452
4005 4146
4006 5300
4007 3880
4008 8019
4009 9357
4010 9275
4011 9024
4012 6266
4013 963
4014 5587
4015 1863
4016 7342
4017 4058
4018 8659
4019 2530
4020 7626
4021 1989
4022 1484
4023 8490
4024 3323
4025 8876
4026 5182
4027 2996
4028 4188
4029 9372
4030 3150
4031 917
4032 88
4033 7413
4034 8687
4035 9840
4036 6265
4037 4956
4038 8973
4039 8715
4040 8521
4041 3718
4042 7575
4043 8519
4044 5279
4045 7798
4046 2263
4047 9429
4048 9491
4049 2731
4050 4899
4051 6809
4052 9705
4053 6988
4054 5331
4055 3955
4056 6264
4057 5249
4058 1854
4059 2978
4060 5536
4061 8857
4062 6622
4063 6494
4064 2411
4065 7783
4066 5590
4067 1815
4068 8819
4069 185
4070 9067
4071 6280
4072 3982
4073 139
4074 762
4075 6998
4076 292
4077 1511
4078 312
4079 836
4080 7241
4081 6098
4082 6737
4083 783
4084 4670
4085 7131
4086 7991
4087 2957
4088 5758
4089 5028
4090 4849
4091 4475
4092 9611
4093 912
4094 5713
4095 6168
4096 3136
4097 4782
4098 2650
4099 5676
4100 1903
4101 9499
4102 7913
4103 5879
4104 171
4105 8748
4106 4542
4107 773
4108 914
4109 7031
4110 4249
4111 5952
4112 7729
4113 2377
4114 716
4115 3647
4116 1847
4117 7959
4118 6693
4119 2922
4120 9125
4121 7073
4122 8820
4123 4084
4124 3824
4125 7078
4126 4992
4127 2589
4128 8312
4129 1760
4130 5247
4131 1855
4132 360
4133 8361
4134 8652
4135 6209
4136 2642
4137 5014
4138 5487
4139 4953
4140 2243
4141 6711
4142 6121
4143 6013
4144 1506
4145 3080
4146 5428
4147 2950
4148 5386
4149 9219
4150 4323
4151 2282
4152 4643
4153 1649
4154 8046
4155 8966
4156 8655
4157 5036
4158 4222
4159 6698
4160 6395
4161 1734
4162 2371
4163 6214
4164 9250
4165 5471
4166 560
4167 9203
4168 4703
4169 2496
4170 4176
4171 7602
4172 5651
4173 8389
4174 6453
4175 8089
4176 6144
4177 6383
4178 266
4179 9373
4180 674
4181 3543
4182 5998
4183 5555
4184 776
4185 4420
4186 814
4187 2249
4188 9690
4189 7916
4190 553
4191 3437
4192 3097
4193 2007
4194 6635
4195 6070
4196 1520
4197 2691
4198 6864
4199 6365
4200 7904
4201 8084
4202 828
4203 6386
4204 2076
4205 5938
4206 7698
4207 2050
4208 2338
4209 2997
4210 6688
4211 4001
4212 3258
4213 7633
4214 8139
4215 939
4216 7900
4217 2938
4218 6306
4219 924
4220 2168
4221 6101
4222 3224
4223 9964
4224 8744
4225 1289
4226 6781
4227 8720
4228 8166
4229 7480
4230 5072
4231 7609
4232 5008
4233 9744
4234 3435
4235 7721
4236 7816
4237 2326
4238 181
4239 21
4240 2506
4241 4535
4242 1974
4243 8100
4244 252
4245 5940
4246 44
4247 397
4248 2537
4249 5643
4250 3985
4251 6248
4252 8019
4253 1534
4254 758
4255 6366
4256 8128
4257 9314
4258 2694
4259 2467
4260 903
4261 7826
4262 9789
4263 2595
4264 5476
4265 6761
4266 8399
4267 8429
4268 2817
4269 5173
4270 547
4271 8353
4272 1901
4273 4382
4274 5492
4275 5391
4276 4261
4277 6844
4278 7957
4279 2248
4280 4079
4281 3354
4282 5476
4283 6642
4284 5403
4285 4526
4286 661
4287 8871
4288 2859
4289 8960
4290 2910
4291 146
4292 7326
4293 9676
4294 8041
4295 4569
4296 3438
4297 2488
4298 3666
4299 9882
4300 1466
4301 4810
4302 2710
4303 2080
4304 2205
4305 1063
4306 7447
4307 6829
4308 9789
4309 1342
4310 1643
4311 6251
4312 4018
4313 3265
4314 8954
4315 3094
4316 755
4317 3063
4318 1616
4319 5562
4320 6220
4321 868
4322 4624
4323 5149
4324 8582
4325 6867
4326 7101
4327 6701
4328 8179
4329 9582
4330 4360
4331 4659
4332 5879
4333 4828
4334 1297
4335 1887
4336 7640
4337 4116
4338 153
4339 7874
4340 2164
4341 4222
4342 3460
4343 1193
4344 7673
4345 5436
4346 6027
4347 7059
4348 3322
4349 4610
4350 8183
4351 4589
4352 520
4353 561
4354 6204
4355 9948
4356 9530
4357 3562
4358 4804
4359 921
4360 7113
4361 7756
4362 919
4363 5691
4364 1696
4365 5142
4366 7600
4367 3566
4368 3567
4369 2455
4370 1782
4371 8268
4372 8947
4373 7751
4374 9930
4375 4982
4376 8424
4377 1791
4378 1120
4379 857
4380 2209
4381 421
4382 7995
4383 4881
4384 6950
4385 8065
4386 2196
4387 7125
4388 1413
4389 9175
4390 2377
4391 9258
4392 1264
4393 4018
4394 9729
4395 7913
4396 6370
4397 7546
4398 8019
4399 9987
4400 7591
4401 5244
4402 2632
4403 4311
4404 3850
4405 7851
4406 5812
4407 7228
4408 4432
4409 7609
4410 3364
4411 578
4412 5914
4413 2341
4414 1457
4415 9361
4416 7930
4417 25
4418 835
4419 2892
4420 7018
4421 5810
4422 9757
4423 7678
4424 3240
4425 5419
4426 6260
4427 2416
4428 9957
4429 3767
4430 5012
4431 5555
4432 3166
4433 5265
4434 3881
4435 3638
4436 3155
4437 2786
4438 675
4439 4337
4440 7874
4441 5522
4442 976
4443 1476
4444 4374
4445 2119
4446 3940
4447 657
4448 1971
4449 4325
4450 4059
4451 3123
4452 8348
4453 8184
4454 3411
4455 2421
4456 7719
4457 4291
4458 698
4459 3097
4460 8409
4461 6023
4462 538
4463 3174
4464 5694
4465 4787
4466 8851
4467 2489
4468 4625
4469 4340
4470 7970
4471 7094
4472 6671
4473 2004
4474 8146
4475 5876
4476 3504
4477 3209
4478 482
4479 9317
4480 1022
4481 7210
4482 14
4483 1872
4484 6782
4485 6068
4486 6664
4487 8840
4488 4420
4489 6000
4490 6083
4491 5806
4492 9363
4493 82
4494 2013
4495 3713
4496 1135
4497 3932
4498 6764
4499 5491
4500 8924
4501 1500
4502 6600
4503 754
4504 8712
4505 6369
4506 4422
4507 3569
4508 2237
4509 5080
4510 2983
4511 4520
4512 326
4513 2901
4514 8063
4515 2404
4516 5746
4517 9211
4518 2519
4519 2740
4520 3587
4521 9183
4522 8940
4523 1
4524 435
4525 816
4526 746
4527 7965
4528 7105
4529 1551
4530 9004
4531 7928
4532 3530
4533 6638
4534 4995
4535 7630
4536 8589
4537 2264
4538 6592
4539 4716
4540 2067
4541 20
4542 9902
4543 7289
4544 774
4545 5717
4546 6300
4547 718
4548 5876
4549 4778
4550 8976
4551 4213
4552 3963
4553 8493
4554 2420
4555 2896
4556 8
4557 258
4558 2895
4559 1111
4560 6482
4561 8587
4562 7877
4563 519
4564 9154
4565 4191
4566 7684
4567 2178
4568 6818
4569 1661
4570 3074
4571 5246
4572 9090
4573 2446
4574 8457
4575 6204
4576 3756
4577 4693
4578 1559
4579 1573
4580 2687
4581 7275
4582 6860
4583 3976
4584 3273
4585 9849
4586 1927
4587 6112
4588 524
4589 8157
4590 2910
4591 9685
4592 3509
4593 3946
4594 7870
4595 6694
4596 8655
4597 1844
4598 4367
4599 8587
4600 1576
4601 1357
4602 796
4603 4760
4604 8543
4605 707
4606 9318
4607 5618
4608 8519
4609 700
4610 1921
4611 7012
4612 6734
4613 986
4614 138
4615 2212
4616 1200
4617 8170
4618 3259
4619 4826
4620 4276
4621 5040
4622 9483
4623 1035
4624 2397
4625 2867
4626 9411
4627 2369
4628 8453
4629 4213
4630 1484
4631 868
4632 2921
4633 1961
4634 4581
4635 6925
4636 1846
4637 1394
4638 3808
4639 6364
4640 2017
4641 6062
4642 1724
4643 7390
4644 6283
4645 4901
4646 8745
4647 9906
4648 4863
4649 7630
4650 3238
4651 9423
4652 1697
4653 7763
4654 3993
4655 5284
4656 8432
4657 7791
4658 5128
4659 8217
4660 2450
4661 9022
4662 6294
4663 5438
4664 9528
4665 9393
4666 9038
4667 2381
4668 6145
4669 6144
4670 3598
4671 8973
4672 1264
4673 6678
4674 9076
4675 4898
4676 2476
4677 153
4678 3903
4679 2681
4680 6796
4681 4395
4682 2850
4683 9648
4684 2154
4685 7572
4686 1452
4687 9797
4688 1572
4689 1729
4690 8610
4691 4452
4692 8443
4693 5790
4694 3441
4695 6213
4696 7911
4697 8877
4698 2936
4699 4138
4700 6348
4701 948
4702 2907
4703 9385
4704 8191
4705 6639
4706 5863
4707 9588
4708 6993
4709 9941
4710 5947
4711 7141
4712 5429
4713 1869
4714 2875
4715 1252
4716 7235
4717 654
4718 3956
4719 6142
4720 2556
4721 4133
4722 5666
4723 8096
4724 7041
4725 7010
4726 4030
4727 2192
4728 4158
4729 1433
4730 6099
4731 5477
4732 9672
4733 7956
4734 3195
4735 7160
4736 6995
4737 5349
4738 257
4739 7898
4740 2224
4741 1970
4742 4644
4743 9704
4744 8063
4745 8438
4746 2024
4747 5144
4748 6544
4749 1200
4750 6632
4751 9551
4752 1505
4753 9262
4754 8086
4755 2761
4756 3078
4757 1830
4758 7196
4759 7546
4760 8154
4761 2876
4762 8785
4763 351
4764 2681
4765 9788
4766 363
4767 6194
4768 3997
4769 7142
4770 1728
4771 3679
4772 3932
4773 3379
4774 2018
4775 7940
4776 6349
4777 7716
4778 7573
4779 9046
4780 5991
4781 6957
4782 6082
4783 888
4784 9026
4785 7055
4786 9897
4787 917
4788 9536
4789 2236
4790 4181
4791 4206
4792 312
4793 5303
4794 3572
4795 6283
4796 827
4797 6335
4798 4452
4799 7931
4800 9992
4801 3402
4802 8554
4803 1719
4804 6417
4805 8171
4806 7669
4807 4413
4808 4269
4809 1286
4810 8499
4811 1634
4812 8578
4813 7289
4814 1331
4815 1105
4816 9818
4817 6497
4818 6128
4819 8676
4820 3954
4821 1733
4822 4900
4823 6952
4824 801
4825 1094
4826 9745
4827 9770
4828 489
4829 4068
4830 1837
4831 7076
4832 5106
4833 7184
4834 7829
4835 3769
4836 186
4837 7149
4838 6599
4839 3015
4840 8613
4841 3947
4842 1114
4843 9200
4844 7701
4845 3728
4846 7277
4847 8211
4848 8770
4849 1491
4850 4067
4851 3062
4852 7346
4853 6527
4854 7021
4855 998
4856 1276
4857 9403
4858 175
4859 4181
4860 3521
4861 7848
4862 9924
4863 9806
4864 6145
4865 330
4866 7973
4867 7070
4868 2117
4869 342
4870 9531
4871 7807
4872 1956
4873 1455
4874 7199
4875 4791
4876 2928
4877 3036
4878 637
4879 6731
4880 9570
4881 9224
4882 7019
4883 1786
4884 5620
4885 9208
4886 7529
4887 2084
4888 9104
4889 5153
4890 712
4891 158
4892 4285
4893 5226
4894 4350
4895 4485
4896 6452
4897 3089
4898 3743
4899 5374
4900 8124
4901 1944
4902 5733
4903 4352
4904 8139
4905 772
4906 4640
4907 9867
4908 8299
4909 2758
4910 8392
4911 9670
4912 5804
4913 1038
4914 571
4915 5524
4916 3489
4917 4927
4918 6806
4919 9060
4920 4094
4921 526
4922 2062
4923 8517
4924 9195
4925 3255
4926 8679
4927 4876
4928 8260
4929 6239
4930 3744
4931 2474
4932 8327
4933 7737
4934 8341
4935 3559
4936 247
4937 2806
4938 561
4939 8451
4940 3116
4941 9280
4942 8738
4943 2978
4944 4564
4945 5800
4946 1346
4947 2691
4948 893
4949 84
4950 5196
4951 8976
4952 7725
4953 8966
4954 4177
4955 5646
4956 8760
4957 7794
4958 6600
4959 5854
4960 7544
4961 5702
4962 433
4963 8226
4964 4711
4965 5031
4966 2178
4967 8017
4968 1086
4969 7654
4970 6962
4971 3773
4972 5231
4973 8387
4974 4530
4975 2509
4976 2549
4977 5768
4978 8266
4979 6718
4980 1910
4981 3503
4982 2083
4983 4669
4984 4876
4985 1665
4986 3137
4987 1409
4988 2123
4989 5316
4990 6622
4991 1620
4992 1377
4993 9667
4994 2637
4995 7078
4996 1300
4997 5088
4998 4081
4999 833
5000 6163
5001 2351
5002 8850
5003 7428
5004 6836
5005 8317
5006 9232
5007 3488
5008 4668
5009 4964
5010 6311
5011 5824
5012 6172
5013 121
5014 7460
5015 4852
5016 8052
5017 6559
5018 536
5019 9544
5020 4102
5021 7214
5022 9273
5023 6411
5024 7781
5025 8204
5026 555
5027 9091
5028 6818
5029 8061
5030 5718
5031 6972
5032 9165
5033 1112
5034 4877
5035 1023
5036 2759
5037 5318
5038 5360
5039 2469
5040 5144
5041 40
5042 2780
5043 5294
5044 2786
5045 7162
5046 6004
5047 6701
5048 4114
5049 9826
5050 5366
5051 563
5052 4732
5053 6608
5054 6799
5055 7717
5056 8081
5057 5390
5058 3274
5059 3468
5060 9856
5061 420
5062 8915
5063 7093
5064 9934
5065 8073
5066 472
5067 328
5068 1253
5069 1708
5070 5436
5071 1803
5072 1118
5073 3649
5074 6048
5075 2256
5076 6745
5077 2824
5078 3644
5079 942
5080 3508
5081 9875
5082 8403
5083 7155
5084 1304
5085 7650
5086 5356
5087 1991
5088 1761
5089 3922
5090 8773
5091 4578
5092 6539
5093 4885
5094 3476
5095 3887
5096 4951
5097 2541
5098 3478
5099 1923
5100 7285
5101 6428
5102 5430
5103 6599
5104 8754
5105 313
5106 6828
5107 2951
5108 7847
5109 7460
5110 6639
5111 9441
5112 1992
5113 3844
5114 9091
5115 2083
5116 2910
5117 7334
5118 9714
5119 2860
5120 3814
5121 2240
5122 6439
5123 480
5124 689
5125 2861
5126 7506
5127 917
5128 310
5129 6733
5130 2285
5131 2355
5132 8329
5133 8098
5134 706
5135 4184
5136 1839
5137 4795
5138 1930
5139 2513
5140 2107
5141 7257
5142 3145
5143 5291
5144 4866
5145 6591
5146 4925
5147 8588
5148 7478
5149 9800
5150 448
5151 1844
5152 4597
5153 4143
5154 2070
5155 3953
5156 6497
5157 9363
5158 230
5159 3953
5160 7198
5161 6023
5162 6467
5163 9784
5164 2655
5165 580
5166 4477
5167 6071
5168 2888
5169 2961
5170 522
5171 7244
5172 5679
5173 419
5174 7290
5175 5399
5176 3699
5177 2192
5178 3339
5179 3286
5180 1320
5181 3139
5182 3639
5183 1564
5184 2185
5185 912
5186 5393
5187 6015
5188 3683
5189 455
5190 7321
5191 4811
5192 9874
5193 1686
5194 9914
5195 8132
5196 125
5197 1025
5198 8743
5199 2417
5200 6750
5201 5159
5202 2887
5203 9388
5204 1268
5205 5851
5206 5744
5207 5575
5208 5561
5209 7930
5210 6089
5211 1569
5212 1167
5213 8706
5214 3072
5215 1456
5216 7226
5217 5925
5218 64
5219 1953
5220 5165
5221 3177
5222 8718
5223 7692
5224 6147
5225 6138
5226 6468
5227 3738
5228 5476
5229 438
5230 7745
5231 8991
5232 6708
5233 2081
5234 1686
5235 4406
5236 7046
5237 4336
5238 6797
5239 8120
5240 4745
5241 795
5242 6138
5243 5510
5244 8714
5245 2919
5246 4930
5247 5984
5248 289
5249 1781
5250 6185
5251 9847
5252 7223
5253 7978
5254 8950
5255 8018
5256 356
5257 689
5258 8059
5259 4505
5260 4118
5261 6730
5262 3909
5263 6630
5264 3083
5265 3133
5266 5715
5267 752
5268 8070
5269 2221
5270 1924
5271 1912
5272 7002
5273 6473
5274 7041
5275 4256
5276 7658
5277 1571
5278 4993
5279 5352
5280 1724
5281 9913
5282 5314
5283 1596
5284 2169
5285 3647
5286 9959
5287 3771
5288 8844
5289 5777
5290 5337
5291 1552
5292 424
5293 277
5294 6292
5295 3210
5296 4341
5297 7308
5298 6166
5299 2150
5300 195
5301 7596
5302 9860
5303 4998
5304 6267
5305 843
5306 4829
5307 6934
5308 3242
5309 6634
5310 8335
5311 8722
5312 4012
5313 2712
5314 7968
5315 6440
5316 3509
5317 4745
5318 6417
5319 9332
5320 7944
5321 3719
5322 812
5323 3363
5324 8516
5325 1975
5326 1536
5327 8103
5328 692
5329 6550
5330 5388
5331 2367
5332 6495
5333 8977
5334 3176
5335 9675
5336 3885
5337 3971
5338 2393
5339 8048
5340 4294
5341 5568
5342 1522
5343 9917
5344 6619
5345 8146
5346 3639
5347 6992
5348 3610
5349 1538
5350 3558
5351 1817
5352 4450
5353 3953
5354 4480
5355 2438
5356 5563
5357 3797
5358 7305
5359 9141
5360 196
5361 1628
5362 8144
5363 2490
5364 6173
5365 6486
5366 7344
5367 86
5368 346
5369 6602
5370 6374
5371 5382
5372 7769
5373 3125
5374 7308
5375 5644
5376 3350
5377 6876
5378 3304
5379 7758
5380 3867
5381 2426
5382 7491
5383 9913
5384 8600
5385 782
5386 1968
5387 4445
5388 7565
5389 1851
5390 8242
5391 2081
5392 7366
5393 501
5394 5373
5395 699
5396 5981
5397 5535
5398 2317
5399 2303
5400 9505
5401 9158
5402 6541
5403 399
5404 5788
5405 5656
5406 1835
5407 6201
5408 2202
5409 1876
5410 4429
5411 6162
5412 7369
5413 8876
5414 8026
5415 5223
5416 9551
5417 3618
5418 5159
5419 9867
5420 7651
5421 1935
5422 4411
5423 2567
5424 4272
5425 9190
5426 449
5427 4547
5428 4137
5429 3005
5430 6594
5431 6913
5432 5319
5433 3228
5434 7677
5435 1141
5436 5182
5437 7920
5438 4325
5439 8692
5440 7716
5441 555
5442 8485
5443 6077
5444 4063
5445 2857
5446 3998
5447 6097
5448 3364
5449 9727
5450 5336
5451 8156
5452 6865
5453 7593
5454 2245
5455 590
5456 4142
5457 5145
5458 7941
5459 5731
5460 6735
5461 5931
5462 3799
5463 4114
5464 1069
5465 5564
5466 3970
5467 7632
5468 9531
5469 2388
5470 9284
5471 2738
5472 5837
5473 9374
5474 954
5475 3844
5476 8422
5477 6763
5478 1085
5479 3970
5480 3476
5481 9472
5482 8809
5483 4381
5484 7458
5485 676
5486 7992
5487 7455
5488 7470
5489 3116
5490 4873
5491 7368
5492 6668
5493 2680
5494 1749
5495 1292
5496 1092
5497 4577
5498 5888
5499 9774
5500 3707
5501 1050
5502 1192
5503 8693
5504 1258
5505 964
5506 3841
5507 6800
5508 9612
5509 5853
5510 2135
5511 2206
5512 3679
5513 4057
5514 5054
5515 8378
5516 8681
5517 4392
5518 3668
5519 5242
5520 615
5521 3522
5522 4481
5523 3773
5524 5040
5525 6634
5526 4026
5527 3119
5528 5008
5529 9328
5530 9574
5531 7751
5532 912
5533 9726
5534 1707
5535 8354
5536 7280
5537 3747
5538 680
5539 4306
5540 4155
5541 3181
5542 9985
5543 7429
5544 3602
5545 5774
5546 7348
5547 6404
5548 5074
5549 8868
5550 5496
5551 8770
5552 6910
5553 3318
5554 2477
5555 2731
5556 5082
5557 2375
5558 4052
5559 4135
5560 4449
5561 1022
5562 8721
5563 4928
5564 2222
5565 4864
5566 9359
5567 8175
5568 8164
5569 4055
5570 4051
5571 1269
5572 1096
5573 7024
5574 2785
5575 3367
5576 6690
5577 743
5578 5900
5579 5282
5580 7257
5581 9206
5582 4859
5583 56
5584 257
5585 9368
5586 5808
5587 277
5588 8573
5589 4359
5590 1659
5591 3835
5592 2289
5593 7006
5594 8965
5595 3251
5596 8624
5597 2854
5598 1745
5599 4981
5600 3985
5601 750
5602 5581
5603 4165
5604 9672
5605 815
5606 1817
5607 7183
5608 676
5609 4160
5610 3491
5611 9057
5612 5224
5613 6035
5614 1747
5615 5284
5616 1239
5617 4309
5618 3913
5619 7965
5620 4746
5621 8105
5622 2164
5623 4263
5624 4369
5625 7260
5626 4764
5627 1149
5628 5563
5629 1834
5630 232
5631 4178
5632 7984
5633 2338
5634 8460
5635 9573
5636 9473
5637 5578
5638 1822
5639 8319
5640 567
5641 8036
5642 3604
5643 8142
5644 4128
5645 8574
5646 702
5647 4264
5648 5721
5649 4924
5650 2484
5651 2650
5652 1716
5653 3874
5654 7936
5655 93
5656 3729
5657 3391
5658 8786
5659 3933
5660 9979
5661 5991
5662 7150
5663 470
5664 6422
5665 6595
5666 2449
5667 5192
5668 3112
5669 4857
5670 3821
5671 9832
5672 4119
5673 1448
5674 1062
5675 970
5676 2579
5677 185
5678 9265
5679 2394
5680 5949
5681 3011
5682 9726
5683 8758
5684 386
5685 2849
5686 2475
5687 1222
5688 7335
5689 130
5690 3792
5691 6696
5692 9846
5693 2375
5694 5489
5695 1068
5696 935
5697 2684
5698 1389
5699 3369
5700 1389
5701 2146
5702 434
5703 2229
5704 9814
5705 3279
5706 5162
5707 8146
5708 3431
5709 6430
5710 8925
5711 5127
5712 4159
5713 8750
5714 5120
5715 3064
5716 868
5717 5821
5718 6980
5719 7854
5720 5308
5721 9320
5722 7022
5723 9716
5724 6220
5725 200
5726 1099
5727 1404
5728 3385
5729 5770
5730 3211
5731 7126
5732 958
5733 823
5734 3704
5735 9809
5736 7342
5737 7460
5738 5308
5739 9093
5740 7072
5741 5628
5742 8568
5743 4929
5744 8681
5745 6574
5746 675
5747 1968
5748 1400
5749 4363
5750 9420
5751 8093
5752 2650
5753 6420
5754 7079
5755 6352
5756 7772
5757 2654
5758 7386
5759 3346
5760 3216
5761 4145
5762 2447
5763 8685
5764 4492
5765 6583
5766 5424
5767 9500
5768 579
5769 719
5770 9147
5771 1209
5772 7218
5773 1911
5774 419
5775 745
5776 2535
5777 3538
5778 4697
5779 1269
5780 9758
5781 4522
5782 6112
5783 8024
5784 3477
5785 9488
5786 3315
5787 3448
5788 7834
5789 1204
5790 2509
5791 5908
5792 7306
5793 8843
5794 5238
5795 491
5796 3351
5797 2365
5798 9950
5799 2194
5800 3061
5801 2824
5802 3207
5803 1510
5804 9204
5805 783
5806 8494
5807 9963
5808 4545
5809 186
5810 8040
5811 8441
5812 7175
5813 2990
5814 5787
5815 4307
5816 7745
5817 684
5818 7713
5819 4235
5820 3940
5821 2403
5822 9076
5823 8464
5824 2321
5825 5763
5826 6844
5827 8740
5828 2745
5829 5789
5830 9531
5831 6589
5832 5968
5833 9323
5834 6024
5835 786
5836 772
5837 7174
5838 9545
5839 2873
5840 2934
5841 3923
5842 2874
5843 7408
5844 4757
5845 5794
5846 6167
5847 9261
5848 478
5849 260
5850 9275
5851 3723
5852 9865
5853 7197
5854 6345
5855 6463
5856 9569
5857 283
5858 1657
5859 9404
5860 9402
5861 9083
5862 2130
5863 5523
5864 8603
5865 6794
5866 3785
5867 249
5868 5365
5869 5997
5870 6508
5871 9633
5872 1431
5873 4884
5874 3938
5875 5820
5876 2395
5877 9474
5878 3033
5879 8453
5880 3497
5881 3054
5882 904
5883 6613
5884 166
5885 2732
5886 4918
5887 9638
5888 2352
5889 4384
5890 5705
5891 6753
5892 1735
5893 1516
5894 1742
5895 4816
5896 1362
5897 586
5898 8458
5899 685
5900 7915
5901 5205
5902 4449
5903 9731
5904 7876
5905 4299
5906 2304
5907 4827
5908 189
5909 4763
5910 1801
5911 789
5912 9648
5913 7485
5914 8793
5915 7688
5916 7225
5917 6658
5918 3938
5919 2721
5920 5821
5921 6267
5922 1666
5923 4388
5924 2506
5925 4334
5926 1219
5927 4603
5928 1225
5929 5061
5930 8428
5931 4100
5932 3137
5933 1350
5934 9015
5935 3946
5936 5319
5937 5367
5938 1633
5939 1357
5940 2356
5941 2773
5942 1594
5943 1096
5944 9535
5945 7048
5946 4303
5947 4717
5948 788
5949 3939
5950 789
5951 8657
5952 9329
5953 2470
5954 6379
5955 8756
5956 3992
5957 8185
5958 7597
5959 3177
5960 9723
5961 6345
5962 1632
5963 7877
5964 6320
5965 7636
5966 7376
5967 8816
5968 5628
5969 6625
5970 6941
5971 2888
5972 3649
5973 3672
5974 1809
5975 5214
5976 740
5977 4307
5978 8354
5979 3856
5980 8
5981 6160
5982 3291
5983 4313
5984 1284
5985 2493
5986 847
5987 5186
5988 5653
5989 3053
5990 9907
5991 3324
5992 3423
5993 7564
5994 1192
5995 1421
5996 6616
5997 4476
5998 1676
5999 3593
6000 5592
6001 7812
6002 5850
6003 4727
6004 8275
6005 7871
6006 1198
6007 7584
6008 9558
6009 7388
6010 8307
6011 7549
6012 7983
6013 3328
6014 4398
6015 8696
6016 6504
6017 5910
6018 2756
6019 6407
6020 4295
6021 693
6022 9510
6023 1159
6024 6908
6025 6593
6026 3554
6027 5312
6028 2830
6029 2552
6030 4980
6031 9715
6032 5521
6033 8245
6034 2358
6035 9782
6036 1308
6037 9699
6038 9433
6039 1333
6040 5226
6041 8977
6042 7348
6043 4925
6044 8800
6045 8186
6046 9396
6047 3663
6048 6069
6049 1995
6050 1475
6051 3574
6052 6740
6053 9557
6054 2910
6055 7468
6056 8247
6057 6301
6058 9118
6059 2955
6060 1716
6061 8367
6062 9717
6063 2761
6064 352
6065 7682
6066 3088
6067 840
6068 2606
6069 3591
6070 1181
6071 865
6072 6646
6073 7810
6074 6376
6075 4700
6076 7076
6077 3015
6078 5599
6079 7133
6080 9675
6081 1835
6082 5575
6083 9800
6084 4987
6085 2231
6086 7079
6087 1546
6088 6984
6089 7291
6090 5376
6091 4728
6092 8763
6093 2307
6094 8635
6095 6920
6096 3253
6097 9695
6098 6057
6099 5340
6100 3230
6101 2764
6102 2677
6103 6948
6104 1620
6105 2669
6106 8384
6107 581
6108 9995
6109 8942
6110 4548
6111 8803
6112 488
6113 2954
6114 2833
6115 6171
6116 3884
6117 5362
6118 7282
6119 7530
6120 4609
6121 3147
6122 2544
6123 4639
6124 1489
6125 9192
6126 8242
6127 1948
6128 1727
6129 7538
6130 1929
6131 2653
6132 4355
6133 405
6134 794
6135 4299
6136 8572
6137 8877
6138 5346
6139 9159
6140 1856
6141 7746
6142 6704
6143 8357
6144 2496
6145 6429
6146 2742
6147 282
6148 1289
6149 2094
6150 7396
6151 3241
6152 7540
6153 8178
6154 1699
6155 9467
6156 5229
6157 1337
6158 4754
6159 2637
6160 6212
6161 2518
6162 7781
6163 3850
6164 8687
6165 3347
6166 4617
6167 1676
6168 782
6169 7289
6170 7601
6171 318
6172 1106
6173 6165
6174 8651
6175 6182
6176 366
6177 6510
6178 1523
6179 7254
6180 737
6181 6994
6182 2732
6183 1521
6184 2600
6185 7661
6186 5414
6187 421
6188 1430
6189 4105
6190 2545
6191 772
6192 1189
6193 4859
6194 3356
6195 3983
6196 4383
6197 8252
6198 9518
6199 4465
6200 3112
6201 5790
6202 5739
6203 127
6204 9888
6205 2704
6206 2789
6207 6581
6208 1792
6209 2741
6210 9635
6211 3263
6212 6609
6213 3491
6214 5361
6215 4070
6216 4997
6217 587
6218 891
6219 7284
6220 8440
6221 3968
6222 5093
6223 9600
6224 8781
6225 7076
6226 9829
6227 6861
6228 1463
6229 295
6230 3720
6231 9767
6232 1234
6233 3287
6234 4982
6235 6248
6236 6076
6237 6940
6238 9536
6239 3482
6240 2353
6241 4577
6242 1781
6243 1567
6244 1795
6245 3802
6246 1932
6247 7785
6248 8801
6249 4902
6250 5597
6251 5068
6252 4797
6253 9061
6254 8427
6255 787
6256 4862
6257 9844
6258 1061
6259 2322
6260 729
6261 4344
6262 7378
6263 3983
6264 3362
6265 6203
6266 2076
6267 5829
6268 7822
6269 1328
6270 2018
6271 8655
6272 2867
6273 8501
6274 9424
6275 1027
6276 7859
6277 1365
6278 3996
6279 3598
6280 9924
6281 5254
6282 5398
6283 3161
6284 5024
6285 2236
6286 7072
6287 3885
6288 7655
6289 363
6290 7365
6291 6007
6292 5176
6293 8640
6294 4147
6295 2909
6296 4475
6297 7473
6298 4667
6299 5912
6300 592
6301 5510
6302 3274
6303 2425
6304 9239
6305 7650
6306 5788
6307 7138
6308 7711
6309 5771
6310 830
6311 7813
6312 1596
6313 3238
6314 5195
6315 6981
6316 7918
6317 6625
6318 2501
6319 8292
6320 8838
6321 3233
6322 1760
6323 1642
6324 3915
6325 982
6326 5254
6327 4317
6328 3049
6329 8035
6330 3192
6331 6326
6332 6710
6333 3119
6334 5946
6335 6882
6336 4822
6337 3927
6338 3378
6339 5548
6340 764
6341 196
6342 4756
6343 5944
6344 2346
6345 136
6346 2056
6347 2122
6348 7339
6349 3692
6350 4080
6351 7718
6352 7149
6353 3817
6354 8734
6355 5808
6356 8584
6357 7406
6358 6072
6359 3048
6360 287
6361 826
6362 5262
6363 5094
6364 7398
6365 1090
6366 4483
6367 1594
6368 5264
6369 2624
6370 3981
6371 8089
6372 609
6373 1332
6374 8965
6375 9053
6376 6481
6377 2164
6378 855
6379 1008
6380 5505
6381 3789
6382 2513
6383 7145
6384 4487
6385 4115
6386 5503
6387 5218
6388 2264
6389 3368
6390 5192
6391 8595
6392 1842
6393 7279
6394 2545
6395 6328
6396 7317
6397 1459
6398 9833
6399 1823
6400 5866
6401 9541
6402 1181
6403 1299
6404 5175
6405 1820
6406 7840
6407 2588
6408 7061
6409 8215
6410 2403
6411 2040
6412 8781
6413 9218
6414 5792
6415 2293
6416 4516
6417 1130
6418 5770
6419 6491
6420 900
6421 7426
6422 5995
6423 5195
6424 2053
6425 6310
6426 155
6427 634
6428 1607
6429 5678
6430 6646
6431 9236
6432 1431
6433 603
6434 5368
6435 7448
6436 9397
6437 5179
6438 9777
6439 7721
6440 1382
6441 107
6442 4085
6443 1253
6444 5968
6445 9780
6446 7645
6447 1578
6448 3770
6449 7741
6450 5989
6451 8430
6452 7209
6453 7420
6454 721
6455 4415
6456 666
6457 5820
6458 8532
6459 8008
6460 5430
6461 1417
6462 2962
6463 5117
6464 8624
6465 3982
6466 1244
6467 8067
6468 382
6469 3239
6470 2508
6471 5188
6472 8951
6473 5321
6474 2993
6475 6456
6476 9100
6477 840
6478 8480
6479 581
6480 5256
6481 6067
6482 4116
6483 6797
6484 7105
6485 9154
6486 7048
6487 242
6488 2068
6489 6682
6490 7828
6491 3240
6492 6011
6493 1870
6494 2420
6495 6082
6496 819
6497 4713
6498 7838
6499 9965
6500 5077
6501 6076
6502 921
6503 1620
6504 1965
6505 2247
6506 1563
6507 3893
6508 6727
6509 3876
6510 8836
6511 9005
6512 4554
6513 3339
6514 877
6515 1584
6516 8606
6517 7578
6518 7160
6519 6665
6520 7013
6521 9243
6522 4796
6523 3811
6524 7177
6525 7565
6526 8945
6527 2290
6528 5457
6529 1816
6530 1014
6531 3764
6532 429
6533 4437
6534 7388
6535 8390
6536 8292
6537 7933
6538 5708
6539 7385
6540 9713
6541 9541
6542 5326
6543 143
6544 8427
6545 270
6546 3526
6547 6797
6548 3258
6549 472
6550 9317
6551 7770
6552 6851
6553 2310
6554 2169
6555 298
6556 6399
6557 668
6558 3952
6559 8156
6560 3895
6561 7914
6562 8478
6563 4918
6564 6058
6565 4676
6566 4580
6567 2944
6568 6947
6569 8323
6570 5453
6571 9987
6572 9522
6573 3215
6574 9090
6575 2838
6576 5920
6577 1924
6578 2102
6579 2721
6580 47
6581 4624
6582 1933
6583 326
6584 257
6585 4649
6586 547
6587 9270
6588 4334
6589 1791
6590 6040
6591 5565
6592 3767
6593 1351
6594 7291
6595 7241
6596 9421
6597 6185
6598 794
6599 2642
6600 6071
6601 1003
6602 8070
6603 8134
6604 9014
6605 3068
6606 6735
6607 5945
6608 1963
6609 1080
6610 8189
6611 703
6612 1813
6613 4512
6614 144
6615 8869
6616 2458
6617 8979
6618 2783
6619 8691
6620 6864
6621 9298
6622 3188
6623 9586
6624 3828
6625 814
6626 3879
6627 8932
6628 3473
6629 1326
6630 7774
6631 1096
6632 3410
6633 446
6634 3713
6635 8293
6636 5729
6637 611
6638 3789
6639 5297
6640 3479
6641 4110
6642 6180
6643 426
6644 4172
6645 3488
6646 4883
6647 3295
6648 6964
6649 8465
6650 866
6651 5817
6652 9640
6653 1111
6654 7458
6655 6682
6656 1316
6657 2448
6658 6540
6659 1099
6660 6840
6661 7861
6662 1033
6663 7006
6664 9295
6665 5758
6666 3552
6667 6111
6668 7686
6669 3754
6670 646
6671 3165
6672 7981
6673 9340
6674 7032
6675 9681
6676 6926
6677 7459
6678 4450
6679 8943
6680 9793
6681 5711
6682 5306
6683 7603
6684 5119
6685 9018
6686 2187
6687 5422
6688 1799
6689 9479
6690 455
6691 8787
6692 6483
6693 3886
6694 2677
6695 5500
6696 2115
6697 917
6698 411
6699 8072
6700 1670
6701 2364
6702 1009
6703 225
6704 4683
6705 7925
6706 4528
6707 6647
6708 7984
6709 1066
6710 8584
6711 9188
6712 6205
6713 4256
6714 7022
6715 3595
6716 2109
6717 5480
6718 1685
6719 9701
6720 1533
6721 4332
6722 5199
6723 4502
6724 2860
6725 5259
6726 6723
6727 1971
6728 6303
6729 7521
6730 1896
6731 5640
6732 4020
6733 6321
6734 2844
6735 13
6736 8097
6737 7215
6738 4038
6739 4663
6740 9772
6741 6369
6742 5038
6743 525
6744 9923
6745 2570
6746 1720
6747 1337
6748 7807
6749 2935
6750 3433
6751 4443
6752 2314
6753 3250
6754 4749
6755 4236
6756 7598
6757 5537
6758 6926
6759 8412
6760 2810
6761 32
6762 6037
6763 1911
6764 3926
6765 6074
6766 1825
6767 5898
6768 4139
6769 6623
6770 3774
6771 9505
6772 8157
6773 4028
6774 8650
6775 160
6776 4870
6777 541
6778 6784
6779 4270
6780 2342
6781 5606
6782 2783
6783 3823
6784 8832
6785 3410
6786 9996
6787 5991
6788 3654
6789 8403
6790 7100
6791 2262
6792 2084
6793 3518
6794 9419
6795 769
6796 9216
6797 5699
6798 7277
6799 536
6800 8735
6801 5999
6802 8555
6803 9160
6804 3855
6805 6983
6806 2913
6807 6093
6808 9390
6809 8479
6810 659
6811 2129
6812 5816
6813 3810
6814 149
6815 1972
6816 8521
6817 2549
6818 3753
6819 809
6820 7984
6821 2599
6822 3937
6823 7734
6824 9548
6825 3900
6826 7816
6827 8528
6828 4651
6829 8453
6830 630
6831 7839
6832 8919
6833 6494
6834 6066
6835 6104
6836 6353
6837 6635
6838 4051
6839 9712
6840 2980
6841 8602
6842 4734
6843 3848
6844 7842
6845 762
6846 711
6847 6196
6848 3918
6849 1077
6850 8262
6851 6292
6852 6709
6853 9357
6854 2335
6855 9659
6856 3582
6857 693
6858 9329
6859 8090
6860 2709
6861 4835
6862 6362
6863 7436
6864 6443
6865 3932
6866 5614
6867 2073
6868 321
6869 1532
6870 7589
6871 876
6872 5519
6873 9034
6874 7728
6875 2955
6876 9589
6877 1880
6878 6608
6879 2687
6880 7514
6881 6698
6882 5212
6883 2633
6884 2779
6885 2334
6886 3214
6887 9822
6888 5996
6889 2254
6890 17
6891 5588
6892 6883
6893 3138
6894 5448
6895 1632
6896 3876
6897 4678
6898 9391
6899 5345
6900 4530
6901 8546
6902 7426
6903 5507
6904 8997
6905 298
6906 2577
6907 5480
6908 8322
6909 6598
6910 1635
6911 4734
6912 9107
6913 1531
6914 8240
6915 1135
6916 6139
6917 40
6918 3843
6919 5803
6920 5013
6921 3521
6922 2036
6923 9543
6924 7469
6925 2507
6926 1304
6927 4879
6928 3206
6929 4009
6930 6233
6931 509
6932 3270
6933 6557
6934 7406
6935 5673
6936 1739
6937 4311
6938 5813
6939 347
6940 4440
6941 2664
6942 8445
6943 3437
6944 5655
6945 1727
6946 7945
6947 5242
6948 6401
6949 770
6950 662
6951 2308
6952 747
6953 6262
6954 4269
6955 2512
6956 9857
6957 8500
6958 8239
6959 5731
6960 6951
6961 6980
6962 7881
6963 742
6964 261
6965 2635
6966 5393
6967 2181
6968 5140
6969 5877
6970 9455
6971 2280
6972 1021
6973 2955
6974 8240
6975 921
6976 3631
6977 9589
6978 9399
6979 4062
6980 7999
6981 38
6982 4600
6983 5014
6984 3179
6985 1816
6986 5466
6987 5237
6988 5322
6989 1137
6990 2402
6991 1310
6992 1755
6993 1796
6994 7739
6995 2588
6996 5072
6997 720
6998 9839
6999 9660
7000 2888
7001 6682
7002 5391
7003 7204
7004 5862
7005 4777
7006 2972
7007 6050
7008 3877
7009 8190
7010 2152
7011 8390
7012 7865
7013 505
7014 8903
7015 6902
7016 2637
7017 6341
7018 9873
7019 3295
7020 4317
7021 5463
7022 5222
7023 4272
7024 4493
7025 5678
7026 2132
7027 3229
7028 2038
7029 2803
7030 8862
7031 4155
7032 2696
7033 1789
7034 2262
7035 138
7036 6017
7037 1676
7038 40
7039 2633
7040 8956
7041 8493
7042 2747
7043 9238
7044 5592
7045 4414
7046 9451
7047 7098
7048 2775
7049 8552
7050 5373
7051 6254
7052 2260
7053 4601
7054 9366
7055 2265
7056 879
7057 3237
7058 4072
7059 262
7060 1673
7061 2612
7062 1812
7063 3208
7064 529
7065 8628
7066 4848
7067 5606
7068 4843
7069 7742
7070 9487
7071 148
7072 3006
7073 8972
7074 9726
7075 8860
7076 6096
7077 8522
7078 7584
7079 2211
7080 6051
7081 9970
7082 4115
7083 9315
7084 7829
7085 5312
7086 7178
7087 9893
7088 6564
7089 7339
7090 9510
7091 3975
7092 4591
7093 1788
7094 3349
7095 8450
7096 7333
7097 8498
7098 5952
7099 529
7100 1536
7101 4419
7102 3697
7103 6943
7104 4093
7105 7728
7106 1143
7107 4271
7108 4787
7109 1527
7110 5424
7111 166
7112 1706
7113 7665
7114 5651
7115 7468
7116 3751
7117 6046
7118 1630
7119 3181
7120 744
7121 2475
7122 6103
7123 2123
7124 7915
7125 8571
7126 10
7127 689
7128 8262
7129 551
7130 786
7131 9628
7132 3176
7133 9807
7134 9591
7135 5959
7136 9065
7137 7109
7138 4570
7139 3281
7140 5235
7141 4004
7142 3693
7143 6549
7144 6241
7145 9500
7146 2574
7147 2143
7148 94
7149 7505
7150 9769
7151 6537
7152 2258
7153 630
7154 4469
7155 7199
7156 4199
7157 8979
7158 9287
7159 7496
7160 4409
7161 8296
7162 3854
7163 3325
7164 9267
7165 471
7166 3327
7167 2937
7168 907
7169 830
7170 9611
7171 3016
7172 9332
7173 835
7174 2042
7175 3440
7176 6398
7177 1875
7178 8647
7179 356
7180 56
7181 5695
7182 8661
7183 2213
7184 8197
7185 9654
7186 1946
7187 6216
7188 2842
7189 492
7190 1194
7191 3295
7192 7034
7193 8585
7194 8338
7195 8146
7196 8775
7197 5749
7198 7496
7199 7131
7200 8593
7201 3594
7202 2907
7203 941
7204 9960
7205 6142
7206 1868
7207 751
7208 4636
7209 9971
7210 9442
7211 6362
7212 8259
7213 7488
7214 3845
7215 2270
7216 5007
7217 4129
7218 8858
7219 2976
7220 4001
7221 8230
7222 2341
7223 1948
7224 4291
7225 3113
7226 7984
7227 9614
7228 9674
7229 4556
7230 817
7231 4526
7232 9437
7233 3204
7234 5650
7235 8392
7236 6159
7237 717
7238 1639
7239 68
7240 7111
7241 493
7242 5473
7243 5806
7244 1538
7245 8670
7246 274
7247 3041
7248 2087
7249 8741
7250 7268
7251 2852
7252 5015
7253 3639
7254 2507
7255 1846
7256 458
7257 2409
7258 1483
7259 7656
7260 983
7261 4694
7262 339
7263 3542
7264 3953
7265 5193
7266 3590
7267 6594
7268 790
7269 1953
7270 4714
7271 984
7272 4154
7273 6918
7274 7831
7275 2373
7276 2232
7277 4506
7278 5763
7279 2092
7280 7899
7281 4143
7282 2240
7283 57
7284 9311
7285 5669
7286 3715
7287 3494
7288 7663
7289 2331
7290 9359
7291 4503
7292 7309
7293 4654
7294 6134
7295 3257
7296 3201
7297 9932
7298 9547
7299 5193
7300 705
7301 6278
7302 9667
7303 9940
7304 3250
7305 7234
7306 6318
7307 6938
7308 3975
7309 2794
7310 6942
7311 7688
7312 8569
7313 5332
7314 5602
7315 7424
7316 7827
7317 4458
7318 1796
7319 9603
7320 117
7321 3060
7322 3352
7323 5086
7324 5888
7325 7927
7326 8497
7327 4113
7328 8647
7329 2257
7330 8419
7331 3277
7332 9407
7333 4085
7334 3110
7335 1561
7336 4516
7337 4190
7338 85
7339 9214
7340 9990
7341 9418
7342 7695
7343 751
7344 8989
7345 2513
7346 2199
7347 8677
7348 2926
7349 7514
7350 471
7351 7674
7352 838
7353 596
7354 8306
7355 9940
7356 6124
7357 9808
7358 7640
7359 1130
7360 4512
7361 3585
7362 4692
7363 2903
7364 2221
7365 7165
7366 5013
7367 2494
7368 8679
7369 8032
7370 762
7371 1907
7372 3875
7373 6410
7374 113
7375 9328
7376 6423
7377 4469
7378 8661
7379 3212
7380 4811
7381 8392
7382 7916
7383 5085
7384 883
7385 749
7386 6548
7387 604
7388 1634
7389 6703
7390 5895
7391 9622
7392 2628
7393 6534
7394 2451
7395 5122
7396 3958
7397 8638
7398 6528
7399 7750
7400 7558
7401 1758
7402 8098
7403 7364
7404 2897
7405 2504
7406 7940
7407 5552
7408 6610
7409 4431
7410 4655
7411 3367
7412 444
7413 7883
7414 5839
7415 6685
7416 1074
7417 5633
7418 4779
7419 7520
7420 4784
7421 7938
7422 2404
7423 3405
7424 9791
7425 2040
7426 7888
7427 8505
7428 9083
7429 5382
7430 309
7431 9535
7432 7035
7433 8850
7434 8089
7435 6724
7436 3784
7437 6193
7438 2519
7439 5103
7440 2365
7441 8448
7442 6651
7443 4201
7444 4957
7445 7689
7446 1047
7447 4875
7448 6227
7449 2665
7450 3453
7451 435
7452 3734
7453 62
7454 323
7455 5514
7456 7613
7457 8980
7458 4313
7459 168
7460 4377
7461 2970
7462 3338
7463 8593
7464 2543
7465 3530
7466 3620
7467 1566
7468 1013
7469 1284
7470 1240
7471 9173
7472 4686
7473 6254
7474 4177
7475 5769
7476 5573
7477 6608
7478 9526
7479 2200
7480 1883
7481 6053
7482 8667
7483 1299
7484 1977
7485 3657
7486 6514
7487 1416
7488 4877
7489 6288
7490 9663
7491 9296
7492 4108
7493 3096
7494 2245
7495 8042
7496 7036
7497 3493
7498 7595
7499 8063
7500 7604
7501 4958
7502 8488
7503 8930
7504 6356
7505 4638
7506 8581
7507 7895
7508 8020
7509 9216
7510 3005
7511 6436
7512 3532
7513 795
7514 6541
7515 9670
7516 381
7517 2640
7518 3745
7519 4718
7520 2392
7521 7576
7522 6513
7523 3171
7524 7692
7525 3512
7526 1128
7527 9712
7528 1474
7529 5162
7530 8575
7531 3629
7532 8408
7533 8324
7534 9089
7535 2477
7536 8046
7537 3312
7538 4292
7539 7449
7540 5445
7541 7048
7542 8034
7543 8176
7544 8346
7545 9171
7546 109
7547 609
7548 1731
7549 6077
7550 5388
7551 5387
7552 343
7553 8250
7554 4586
7555 5697
7556 9863
7557 456
7558 1881
7559 2983
7560 7798
7561 1422
7562 8908
7563 6074
7564 5901
7565 9478
7566 4259
7567 4319
7568 6919
7569 3284
7570 2578
7571 8123
7572 9835
7573 2276
7574 7555
7575 923
7576 9405
7577 9735
7578 8696
7579 5083
7580 7765
7581 2482
7582 2613
7583 455
7584 8147
7585 5134
7586 5758
7587 8423
7588 3337
7589 3582
7590 7011
7591 6124
7592 4407
7593 1873
7594 5369
7595 5249
7596 8473
7597 9057
7598 48
7599 7322
7600 7735
7601 7723
7602 7804
7603 2705
7604 5928
7605 3898
7606 4971
7607 3671
7608 2424
7609 8815
7610 9808
7611 2866
7612 8722
7613 6628
7614 4090
7615 7239
7616 6805
7617 8586
7618 1574
7619 4070
7620 3979
7621 3399
7622 4963
7623 129
7624 4143
7625 5565
7626 2292
7627 7199
7628 1219
7629 8295
7630 8292
7631 7180
7632 6450
7633 5329
7634 6196
7635 7857
7636 7631
7637 6413
7638 723
7639 5997
7640 4988
7641 4500
7642 3516
7643 7938
7644 5378
7645 8852
7646 8181
7647 9050
7648 3758
7649 7117
7650 3257
7651 2556
7652 8469
7653 1195
7654 7940
7655 5056
7656 4762
7657 6252
7658 7206
7659 815
7660 9233
7661 9585
7662 57
7663 9375
7664 6325
7665 6205
7666 7098
7667 1385
7668 6937
7669 1006
7670 1359
7671 5650
7672 8271
7673 3140
7674 9340
7675 6386
7676 3589
7677 6865
7678 7641
7679 3407
7680 237
7681 4511
7682 4212
7683 9524
7684 4466
7685 1471
7686 2229
7687 8864
7688 1918
7689 129
7690 8967
7691 6981
7692 3394
7693 9529
7694 1585
7695 8642
7696 6528
7697 222
7698 6733
7699 2022
7700 5339
7701 9230
7702 1109
7703 8634
7704 1275
7705 8338
7706 5633
7707 6806
7708 1333
7709 52
7710 6814
7711 2750
7712 1120
7713 9445
7714 5042
7715 7363
7716 3277
7717 6875
7718 1020
7719 8753
7720 4637
7721 6079
7722 8398
7723 226
7724 8661
7725 4500
7726 2745
7727 928
7728 3234
7729 7891
7730 4461
7731 1696
7732 7749
7733 9184
7734 5954
7735 1803
7736 7547
7737 2442
7738 1467
7739 3199
7740 8248
7741 6285
7742 1331
7743 7652
7744 7282
7745 7605
7746 1057
7747 8735
7748 5020
7749 5631
7750 9729
7751 4999
7752 3300
7753 8415
7754 1417
7755 2877
7756 4863
7757 8696
7758 7978
7759 7859
7760 3233
7761 3730
7762 1541
7763 311
7764 8910
7765 4199
7766 200
7767 7942
7768 4420
7769 543
7770 1020
7771 376
7772 7676
7773 1227
7774 304
7775 2532
7776 453
7777 6310
7778 2279
7779 2602
7780 6294
7781 1471
7782 3821
7783 7293
7784 119
7785 2128
7786 4678
7787 1703
7788 9990
7789 4694
7790 9746
7791 3702
7792 29
7793 2136
7794 2389
7795 3017
7796 2316
7797 4017
7798 5552
7799 3357
7800 4729
7801 6967
7802 454
7803 1855
7804 1200
7805 137
7806 1029
7807 3869
7808 565
7809 1627
7810 5957
7811 2750
7812 340
7813 6068
7814 9131
7815 3581
7816 2114
7817 628
7818 3703
7819 7073
7820 5981
7821 6514
7822 4477
7823 4828
7824 2451
7825 5751
7826 8339
7827 9993
7828 1624
7829 8475
7830 2682
7831 7967
7832 1051
7833 4268
7834 7308
7835 266
7836 5693
7837 2182
7838 6179
7839 915
7840 5615
7841 7990
7842 1575
7843 8816
7844 9713
7845 3966
7846 4688
7847 1399
7848 6597
7849 5988
7850 3516
7851 4599
7852 7022
7853 5169
7854 1011
7855 1670
7856 5747
7857 6335
7858 3901
7859 8713
7860 4573
7861 3683
7862 5305
7863 7886
7864 2426
7865 4725
7866 2376
7867 244
7868 2848
7869 7236
7870 3502
7871 8906
7872 4007
7873 325
7874 8361
7875 9809
7876 1440
7877 13
7878 8037
7879 1713
7880 9144
7881 1690
7882 1778
7883 9293
7884 330
7885 6723
7886 1554
7887 3196
7888 5195
7889 8129
7890 5523
7891 8731
7892 9400
7893 708
7894 6751
7895 514
7896 3586
7897 4335
7898 4095
7899 3837
7900 1229
7901 5193
7902 8019
7903 4776
7904 9415
7905 8660
7906 5297
7907 142
7908 4695
7909 9291
7910 3058
7911 5254
7912 4078
7913 7868
7914 4424
7915 2212
7916 9447
7917 2852
7918 5118
7919 3861
7920 2202
7921 3731
7922 2851
7923 8946
7924 3755
7925 6756
7926 9034
7927 2124
7928 6688
7929 9305
7930 5431
7931 8403
7932 805
7933 7771
7934 6721
7935 5371
7936 8133
7937 5252
7938 3631
7939 8150
7940 959
7941 9551
7942 294
7943 1358
7944 7444
7945 9054
7946 3796
7947 9614
7948 32
7949 3892
7950 3471
7951 3078
7952 2911
7953 2462
7954 2484
7955 7389
7956 6117
7957 8853
7958 4427
7959 7952
7960 5538
7961 5049
7962 3261
7963 7007
7964 9996
7965 2820
7966 5766
7967 8160
7968 8927
7969 4203
7970 1882
7971 7122
7972 6687
7973 6139
7974 9769
7975 9307
7976 2492
7977 4417
7978 9277
7979 4601
7980 8150
7981 4407
7982 9586
7983 7176
7984 9300
7985 1233
7986 4242
7987 3488
7988 9709
7989 27
7990 9536
7991 4781
7992 2321
7993 7682
7994 258
7995 1330
7996 5211
7997 1126
7998 177
7999 4448
8000 5390
8001 3577
8002 3355
8003 8824
8004 8476
8005 9433
8006 6310
8007 2159
8008 7652
8009 514
8010 428
8011 1277
8012 1064
8013 1234
8014 8585
8015 3865
8016 2792
8017 7918
8018 9916
8019 2850
8020 8918
8021 7989
8022 1868
8023 6031
8024 6833
8025 8012
8026 9278
8027 7060
8028 2890
8029 5720
8030 6039
8031 5092
8032 798
8033 25
8034 6148
8035 9521
8036 728
8037 4772
8038 7373
8039 3092
8040 7013
8041 6529
8042 2619
8043 1393
8044 526
8045 4048
8046 1189
8047 9201
8048 351
8049 7222
8050 4537
8051 4533
8052 8204
8053 6313
8054 8906
8055 9349
8056 8202
8057 8035
8058 242
8059 1800
8060 4044
8061 3684
8062 5194
8063 8709
8064 5458
8065 5897
8066 5662
8067 8507
8068 5820
8069 4890
8070 3361
8071 4243
8072 3302
8073 2020
8074 5170
8075 3501
8076 8567
8077 8415
8078 9662
8079 7041
8080 3092
8081 9048
8082 129
8083 824
8084 3525
8085 8122
8086 9680
8087 6692
8088 9123
8089 9932
8090 9524
8091 5461
8092 1298
8093 458
8094 2442
8095 2393
8096 6565
8097 8868
8098 9610
8099 9131
8100 6767
8101 4843
8102 449
8103 8040
8104 3364
8105 7162
8106 1980
8107 4601
8108 5790
8109 1351
8110 6264
8111 1018
8112 7381
8113 9369
8114 1973
8115 9511
8116 6245
8117 2267
8118 8840
8119 6921
8120 2583
8121 7558
8122 1833
8123 3171
8124 8430
8125 6644
8126 5237
8127 4925
8128 558
8129 4050
8130 5529
8131 2316
8132 2387
8133 9445
8134 5906
8135 1043
8136 6137
8137 5490
8138 4663
8139 4294
8140 2160
8141 9373
8142 4192
8143 8991
8144 8438
8145 3595
8146 7364
8147 8662
8148 9554
8149 2007
8150 3229
8151 882
8152 1094
8153 440
8154 4598
8155 668
8156 2414
8157 7319
8158 5883
8159 2488
8160 7966
8161 8618
8162 788
8163 2592
8164 4971
8165 3198
8166 5917
8167 285
8168 3134
8169 9145
8170 8184
8171 1432
8172 294
8173 9065
8174 1031
8175 19
8176 6445
8177 2444
8178 6872
8179 3899
8180 7385
8181 6195
8182 953
8183 9000
8184 8415
8185 270
8186 4854
8187 2203
8188 7960
8189 3834
8190 6231
8191 6878
8192 771
8193 8926
8194 5098
8195 6616
8196 447
8197 2724
8198 5902
8199 2105
8200 1420
8201 6620
8202 8995
8203 3267
8204 1254
8205 125
8206 4699
8207 3815
8208 5143
8209 309
8210 8102
8211 8171
8212 5826
8213 2955
8214 2957
8215 1363
8216 3784
8217 9898
8218 8626
8219 943
8220 4552
8221 8126
8222 4880
8223 6220
8224 2252
8225 124
8226 5524
8227 4200
8228 1044
8229 1695
8230 3346
8231 3486
8232 9091
8233 2997
8234 5666
8235 7103
8236 2836
8237 928
8238 1898
8239 2717
8240 2940
8241 6129
8242 1954
8243 4033
8244 7040
8245 5866
8246 7091
8247 312
8248 8649
8249 4829
8250 2814
8251 1866
8252 5996
8253 9520
8254 6868
8255 8177
8256 9346
8257 8282
8258 3989
8259 1836
8260 461
8261 8269
8262 3113
8263 5898
8264 3250
8265 2699
8266 2024
8267 4445
8268 362
8269 6580
8270 9055
8271 6143
8272 6515
8273 6759
8274 1380
8275 8421
8276 5678
8277 2645
8278 4690
8279 5528
8280 5892
8281 7214
8282 9580
8283 7167
8284 2456
8285 4043
8286 5877
8287 5666
8288 7498
8289 5005
8290 7291
8291 8720
8292 1531
8293 5016
8294 5272
8295 1631
8296 490
8297 4731
8298 2782
8299 7651
8300 9973
8301 9475
8302 5776
8303 7560
8304 6918
8305 2834
8306 2649
8307 9923
8308 7798
8309 6325
8310 9641
8311 1619
8312 1558
8313 2347
8314 3226
8315 4155
8316 4993
8317 6222
8318 8923
8319 5068
8320 8015
8321 4554
8322 9607
8323 5280
8324 6389
8325 1354
8326 5422
8327 2634
8328 9869
8329 423
8330 1682
8331 9081
8332 4414
8333 2354
8334 789
8335 3943
8336 8175
8337 7145
8338 9101
8339 8562
8340 2277
8341 8940
8342 9956
8343 8211
8344 9089
8345 7655
8346 9587
8347 5652
8348 2613
8349 3397
8350 3558
8351 6944
8352 7920
8353 3465
8354 7508
8355 4199
8356 9137
8357 8477
8358 7508
8359 1855
8360 8391
8361 3675
8362 2123
8363 2747
8364 1334
8365 3856
8366 394
8367 7742
8368 8394
8369 5504
8370 7411
8371 8064
8372 4732
8373 7706
8374 1845
8375 2532
8376 6044
8377 4198
8378 7910
8379 2899
8380 1802
8381 2524
8382 7564
8383 9245
8384 2305
8385 2668
8386 7462
8387 3941
8388 1009
8389 6792
8390 9149
8391 7075
8392 8981
8393 3703
8394 296
8395 8465
8396 4067
8397 6581
8398 9406
8399 1338
8400 3364
8401 113
8402 6347
8403 637
8404 3932
8405 3699
8406 6291
8407 4502
8408 3335
8409 658
8410 5242
8411 951
8412 8569
8413 9483
8414 1154
8415 3029
8416 9184
8417 2106
8418 5851
8419 4777
8420 8038
8421 5843
8422 9456
8423 7250
8424 967
8425 279
8426 823
8427 8506
8428 4932
8429 7642
8430 4609
8431 4015
8432 2665
8433 5435
8434 8029
8435 4247
8436 716
8437 3042
8438 8116
8439 4322
8440 6952
8441 9834
8442 3314
8443 6580
8444 2987
8445 887
8446 1666
8447 667
8448 6849
8449 7853
8450 1475
8451 7312
8452 1221
8453 6750
8454 9357
8455 1346
8456 3057
8457 1480
8458 4890
8459 6743
8460 1019
8461 1726
8462 695
8463 1416
8464 8262
8465 6562
8466 1692
8467 2391
8468 9408
8469 584
8470 7557
8471 2557
8472 2190
8473 7641
8474 7923
8475 8673
8476 6236
8477 8384
8478 762
8479 6564
8480 3719
8481 1737
8482 566
8483 3505
8484 9190
8485 7137
8486 4418
8487 9679
8488 8819
8489 3929
8490 879
8491 304
8492 2479
8493 6644
8494 8718
8495 7507
8496 5618
8497 86
8498 9941
8499 6375
8500 1733
8501 6082
8502 4341
8503 2732
8504 381
8505 4597
8506 821
8507 1138
8508 140
8509 5465
8510 4124
8511 366
8512 699
8513 3454
8514 4295
8515 199
8516 3368
8517 8564
8518 167
8519 7750
8520 4656
8521 5539
8522 7508
8523 3723
8524 3320
8525 1396
8526 7039
8527 9042
8528 7292
8529 7464
8530 7515
8531 86
8532 3235
8533 2882
8534 4253
8535 6412
8536 8122
8537 9822
8538 4098
8539 8296
8540 9209
8541 6775
8542 3653
8543 2675
8544 6029
8545 5192
8546 8781
8547 5148
8548 5647
8549 6459
8550 9913
8551 2586
8552 289
8553 760
8554 9458
8555 5587
8556 4693
8557 6721
8558 4773
8559 2525
8560 9044
8561 891
8562 2544
8563 7271
8564 2190
8565 9101
8566 8206
8567 793
8568 9002
8569 7529
8570 7066
8571 2789
8572 5185
8573 9913
8574 2164
8575 3262
8576 2641
8577 8746
8578 7607
8579 5535
8580 8543
8581 2548
8582 5072
8583 1577
8584 1731
8585 8319
8586 5518
8587 7691
8588 687
8589 8156
8590 7736
8591 3672
8592 8440
8593 1669
8594 311
8595 1310
8596 1025
8597 1308
8598 3823
8599 8793
8600 7828
8601 6022
8602 5644
8603 5976
8604 4077
8605 9742
8606 586
8607 1779
8608 8008
8609 5139
8610 6821
8611 9006
8612 7870
8613 9789
8614 7987
8615 3812
8616 6769
8617 1467
8618 9211
8619 6684
8620 6617
8621 1593
8622 6892
8623 9375
8624 5952
8625 1073
8626 9510
8627 7494
8628 230
8629 710
8630 9499
8631 1634
8632 7362
8633 9187
8634 4244
8635 836
8636 5702
8637 5198
8638 7656
8639 973
8640 6503
8641 6741
8642 2451
8643 7190
8644 7902
8645 9805
8646 7249
8647 3919
8648 2942
8649 725
8650 1933
8651 8223
8652 9816
8653 1337
8654 9302
8655 2165
8656 8565
8657 3722
8658 1005
8659 7797
8660 4780
8661 1825
8662 977
8663 3934
8664 7539
8665 486
8666 154
8667 7364
8668 5732
8669 8592
8670 2120
8671 2400
8672 4249
8673 1891
8674 515
8675 1724
8676 9040
8677 2811
8678 5523
8679 8404
8680 8018
8681 9122
8682 8585
8683 3621
8684 2927
8685 657
8686 1570
8687 7174
8688 5878
8689 3452
8690 9094
8691 8153
8692 3045
8693 3672
8694 424
8695 1293
8696 7203
8697 9455
8698 425
8699 479
8700 230
8701 7420
8702 7427
8703 4634
8704 6473
8705 2010
8706 9528
8707 2783
8708 7979
8709 47
8710 9868
8711 4484
8712 2973
8713 9945
8714 5713
8715 8997
8716 9692
8717 4850
8718 5790
8719 1597
8720 8710
8721 1677
8722 5264
8723 8232
8724 8209
8725 3450
8726 7997
8727 383
8728 8334
8729 692
8730 1254
8731 415
8732 2690
8733 8667
8734 8928
8735 3982
8736 7360
8737 1224
8738 5514
8739 102
8740 372
8741 8713
8742 4559
8743 1430
8744 7471
8745 6979
8746 2137
8747 6930
8748 3246
8749 6794
8750 7993
8751 6657
8752 200
8753 8264
8754 4452
8755 3713
8756 2187
8757 2716
8758 5918
8759 1533
8760 2774
8761 5356
8762 9868
8763 5631
8764 3583
8765 5615
8766 3573
8767 7699
8768 2406
8769 8484
8770 9515
8771 6499
8772 5997
8773 9399
8774 6410
8775 4403
8776 7840
8777 7256
8778 2088
8779 605
8780 6904
8781 5003
8782 9099
8783 2068
8784 9416
8785 4903
8786 3807
8787 1065
8788 2037
8789 6072
8790 5049
8791 3819
8792 1457
8793 5161
8794 8911
8795 8202
8796 2394
8797 7152
8798 2108
8799 9698
8800 3273
8801 2183
8802 7602
8803 3909
8804 6425
8805 6012
8806 2595
8807 791
8808 7554
8809 6294
8810 845
8811 466
8812 7456
8813 4187
8814 8354
8815 2996
8816 7451
8817 969
8818 3948
8819 4814
8820 8882
8821 2343
8822 3960
8823 2651
8824 6139
8825 8866
8826 3328
8827 1729
8828 2164
8829 9573
8830 3771
8831 8763
8832 5141
8833 7276
8834 3380
8835 1898
8836 5181
8837 8215
8838 974
8839 9048
8840 207
8841 5844
8842 2864
8843 3367
8844 955
8845 8306
8846 9288
8847 9523
8848 6034
8849 1902
8850 2723
8851 7327
8852 9319
8853 8262
8854 502
8855 9863
8856 3624
8857 1274
8858 9750
8859 1729
8860 6533
8861 894
8862 3494
8863 9265
8864 6561
8865 4899
8866 3006
8867 8698
8868 416
8869 6355
8870 2910
8871 33
8872 4995
8873 4132
8874 2420
8875 4219
8876 1011
8877 6129
8878 8158
8879 8609
8880 8628
8881 65
8882 1471
8883 1080
8884 9341
8885 4646
8886 5883
8887 6295
8888 2495
8889 4723
8890 8377
8891 8546
8892 9276
8893 7650
8894 1595
8895 4371
8896 1811
8897 4488
8898 2691
8899 4726
8900 68
8901 8894
8902 8595
8903 843
8904 4693
8905 8608
8906 6736
8907 142
8908 9579
8909 9289
8910 4891
8911 8557
8912 4038
8913 8121
8914 3779
8915 3440
8916 751
8917 5085
8918 1234
8919 6890
8920 2339
8921 3082
8922 7364
8923 2742
8924 6351
8925 4210
8926 5975
8927 1758
8928 5745
8929 8400
8930 8713
8931 8615
8932 9532
8933 2341
8934 4871
8935 1158
8936 6135
8937 1183
8938 1621
8939 7120
8940 251
8941 2839
8942 6539
8943 5972
8944 2509
8945 4899
8946 6745
8947 3933
8948 76
8949 7117
8950 6688
8951 8272
8952 5480
8953 8243
8954 9707
8955 3004
8956 433
8957 4577
8958 6821
8959 1828
8960 1154
8961 9028
8962 9928
8963 5732
8964 1824
8965 3686
8966 5553
8967 2073
8968 3191
8969 5979
8970 9604
8971 9143
8972 4048
8973 8311
8974 3223
8975 5231
8976 4337
8977 3763
8978 4734
8979 4028
8980 9985
8981 5914
8982 2947
8983 8842
8984 1204
8985 9119
8986 2626
8987 6542
8988 7962
8989 6701
8990 3798
8991 8419
8992 8611
8993 8424
8994 2778
8995 9212
8996 245
8997 5327
8998 4248
8999 7440
9000 2246
9001 9571
9002 566
9003 9863
9004 7710
9005 9271
9006 6576
9007 436
9008 964
9009 3483
9010 5641
9011 9405
9012 3207
9013 462
9014 5357
9015 1362
9016 2489
9017 3132
9018 9450
9019 1988
9020 8676
9021 9278
9022 5748
9023 2016
9024 8831
9025 417
9026 8800
9027 3477
9028 3553
9029 2508
9030 9684
9031 7703
9032 178
9033 3731
9034 4881
9035 6744
9036 4489
9037 9376
9038 697
9039 9884
9040 8588
9041 1600
9042 9650
9043 4734
9044 8941
9045 2242
9046 480
9047 8042
9048 5234
9049 215
9050 4002
9051 4799
9052 7660
9053 1065
9054 2887
9055 5469
9056 7520
9057 5230
9058 4638
9059 264
9060 3621
9061 3244
9062 3525
9063 6236
9064 4837
9065 672
9066 9044
9067 7711
9068 7435
9069 2931
9070 5596
9071 3031
9072 4264
9073 301
9074 492
9075 950
9076 1779
9077 6413
9078 5164
9079 8131
9080 9985
9081 9297
9082 7486
9083 5155
9084 9881
9085 2678
9086 1505
9087 2203
9088 2732
9089 6605
9090 4553
9091 7148
9092 5610
9093 758
9094 698
9095 8183
9096 8025
9097 792
9098 3810
9099 300
9100 5193
9101 7944
9102 3138
9103 9948
9104 4508
9105 4784
9106 9208
9107 5027
9108 3116
9109 5492
9110 8120
9111 8002
9112 6167
9113 7307
9114 7866
9115 8362
9116 7233
9117 907
9118 1156
9119 6928
9120 4721
9121 1413
9122 5428
9123 8573
9124 632
9125 8408
9126 2212
9127 1796
9128 971
9129 2920
9130 4828
9131 3310
9132 291
9133 1685
9134 5496
9135 3289
9136 6399
9137 4128
9138 404
9139 2256
9140 5072
9141 5540
9142 3988
9143 3743
9144 8810
9145 660
9146 1758
9147 7749
9148 8076
9149 5517
9150 4365
9151 8857
9152 8294
9153 1783
9154 4284
9155 9370
9156 915
9157 7123
9158 485
9159 2269
9160 2313
9161 7058
9162 5773
9163 954
9164 9931
9165 8741
9166 6092
9167 2753
9168 1186
9169 4662
9170 1016
9171 1019
9172 6903
9173 4835
9174 9915
9175 6242
9176 7779
9177 9254
9178 8809
9179 74
9180 9277
9181 8556
9182 8818
9183 7416
9184 7665
9185 9714
9186 8287
9187 788
9188 7473
9189 5332
9190 7161
9191 8080
9192 8574
9193 9626
9194 3987
9195 9504
9196 9281
9197 1573
9198 3050
9199 2047
9200 388
9201 5837
9202 1567
9203 62
9204 3917
9205 5065
9206 4625
9207 8775
9208 9500
9209 2967
9210 8584
9211 3415
9212 752
9213 6162
9214 2060
9215 459
9216 3810
9217 4197
9218 7256
9219 9017
9220 266
9221 1396
9222 3434
9223 9827
9224 7143
9225 1204
9226 8606
9227 6450
9228 7264
9229 3575
9230 5139
9231 8348
9232 4398
9233 8589
9234 9926
9235 8275
9236 8896
9237 4998
9238 9989
9239 7096
9240 1193
9241 647
9242 9953
9243 7582
9244 2505
9245 2871
9246 8697
9247 4976
9248 4316
9249 834
9250 8675
9251 6215
9252 870
9253 8541
9254 2873
9255 1566
9256 1751
9257 6783
9258 1200
9259 2143
9260 4852
9261 4625
9262 223
9263 4267
9264 3589
9265 6215
9266 7571
9267 6963
9268 6003
9269 6672
9270 5102
9271 2023
9272 7597
9273 1608
9274 2969
9275 7008
9276 4173
9277 8422
9278 88
9279 314
9280 5741
9281 3957
9282 5204
9283 4030
9284 7646
9285 2286
9286 6740
9287 4650
9288 451
9289 8499
9290 8907
9291 3949
9292 5855
9293 9148
9294 6207
9295 2310
9296 1915
9297 7737
9298 8344
9299 4626
9300 7207
9301 4076
9302 2851
9303 4529
9304 198
9305 9623
9306 3262
9307 6153
9308 7062
9309 7062
9310 6545
9311 3881
9312 8463
9313 1246
9314 4686
9315 9629
9316 3397
9317 381
9318 1815
9319 4066
9320 6096
9321 886
9322 67
9323 2899
9324 212
9325 6667
9326 4484
9327 1843
9328 3016
9329 3774
9330 9715
9331 4229
9332 1194
9333 4324
9334 8989
9335 3324
9336 8960
9337 9420
9338 8917
9339 7405
9340 8691
9341 9357
9342 2030
9343 9365
9344 4034
9345 850
9346 2657
9347 4222
9348 5543
9349 5232
9350 719
9351 7272
9352 9319
9353 8614
9354 2356
9355 2838
9356 9784
9357 4865
9358 5884
9359 8554
9360 8821
9361 4910
9362 6540
9363 2982
9364 4781
9365 1348
9366 3708
9367 4949
9368 6553
9369 5676
9370 9859
9371 1481
9372 9835
9373 6495
9374 1352
9375 7446
9376 5034
9377 1007
9378 7357
9379 4087
9380 8782
9381 8836
9382 4732
9383 5537
9384 4007
9385 6739
9386 3422
9387 2077
9388 6641
9389 5139
9390 9118
9391 6417
9392 650
9393 2563
9394 7322
9395 4613
9396 6838
9397 2069
9398 5709
9399 6359
9400 5079
9401 4508
9402 9743
9403 324
9404 4060
9405 7093
9406 9862
9407 9005
9408 7426
9409 2158
9410 7240
9411 4095
9412 259
9413 212
9414 9120
9415 7777
9416 5286
9417 3441
9418 4020
9419 7543
9420 3858
9421 653
9422 1729
9423 2151
9424 2821
9425 2355
9426 2968
9427 4145
9428 4701
9429 5088
9430 8779
9431 16
9432 5305
9433 7472
9434 333
9435 2506
9436 9771
9437 6506
9438 5655
9439 843
9440 5407
9441 1572
9442 983
9443 3739
9444 7227
9445 5335
9446 956
9447 6894
9448 9994
9449 5272
9450 3645
9451 1429
9452 8802
9453 6904
9454 3538
9455 2189
9456 8749
9457 9982
9458 8051
9459 5168
9460 3085
9461 1858
9462 856
9463 1471
9464 8387
9465 8052
9466 8390
9467 1129
9468 4745
9469 8632
9470 4265
9471 3889
9472 8764
9473 462
9474 9995
9475 5653
9476 7220
9477 9562
9478 9440
9479 8613
9480 9664
9481 4899
9482 8670
9483 344
9484 8926
9485 4767
9486 2589
9487 2135
9488 9555
9489 9578
9490 4570
9491 9620
9492 5507
9493 376
9494 5608
9495 9459
9496 101
9497 659
9498 5055
9499 4222
9500 3181
9501 218
9502 5859
9503 3914
9504 2724
9505 3606
9506 3430
9507 6644
9508 714
9509 2570
9510 8724
9511 2820
9512 5997
9513 1349
9514 2977
9515 6965
9516 57
9517 6062
9518 3599
9519 8731
9520 5163
9521 4593
9522 8208
9523 56
9524 8194
9525 1355
9526 6501
9527 8478
9528 7572
9529 2121
9530 7735
9531 7645
9532 5235
9533 7668
9534 4940
9535 4746
9536 313
9537 1462
9538 5690
9539 1212
9540 6294
9541 5782
9542 3232
9543 7403
9544 8847
9545 2752
9546 1094
9547 4184
9548 7189
9549 1605
9550 8905
9551 4319
9552 7911
9553 1152
9554 7093
9555 4428
9556 6505
9557 6913
9558 3374
9559 3886
9560 8500
9561 5681
9562 4488
9563 489
9564 9062
9565 6349
9566 2541
9567 3980
9568 7204
9569 4794
9570 6444
9571 7579
9572 8322
9573 2303
9574 5484
9575 4584
9576 6695
9577 1584
9578 3828
9579 1764
9580 7775
9581 1766
9582 1909
9583 3801
9584 8647
9585 3933
9586 3060
9587 3359
9588 3846
9589 1750
9590 1509
9591 9481
9592 2891
9593 7487
9594 906
9595 2974
9596 5359
9597 2397
9598 921
9599 1193
9600 9073
9601 1785
9602 3130
9603 6212
9604 7100
9605 9350
9606 6419
9607 9762
9608 9627
9609 2416
9610 6404
9611 5484
9612 7515
9613 9523
9614 3028
9615 4107
9616 5338
9617 4532
9618 5404
9619 9919
9620 3082
9621 6832
9622 3205
9623 7596
9624 7284
9625 5590
9626 9502
9627 6851
9628 4402
9629 7025
9630 766
9631 8656
9632 1452
9633 7659
9634 5969
9635 852
9636 1537
9637 3184
9638 8215
9639 2847
9640 4818
9641 2151
9642 9094
9643 8792
9644 8649
9645 6025
9646 8141
9647 6152
9648 4171
9649 2329
9650 7147
9651 1898
9652 459
9653 5572
9654 1850
9655 1682
9656 1480
9657 1435
9658 1594
9659 8303
9660 5593
9661 3328
9662 883
9663 4547
9664 2084
9665 6799
9666 5473
9667 2035
9668 4319
9669 6540
9670 9610
9671 2103
9672 4503
9673 2776
9674 355
9675 6954
9676 748
9677 8643
9678 9534
9679 9304
9680 3158
9681 7866
9682 3794
9683 6585
9684 2017
9685 2510
9686 8491
9687 1395
9688 7772
9689 3858
9690 1686
9691 3342
9692 9495
9693 5593
9694 400
9695 8665
9696 5774
9697 7367
9698 2455
9699 3119
9700 9567
9701 8560
9702 3731
9703 480
9704 6463
9705 6599
9706 2465
9707 3707
9708 4005
9709 1527
9710 9349
9711 8345
9712 8236
9713 8706
9714 4594
9715 8039
9716 2502
9717 4499
9718 911
9719 191
9720 2670
9721 5578
9722 4361
9723 5716
9724 2378
9725 1102
9726 3461
9727 638
9728 1746
9729 8424
9730 539
9731 8811
9732 3010
9733 7226
9734 8407
9735 4456
9736 6997
9737 3998
9738 9655
9739 407
9740 5025
9741 8667
9742 5531
9743 2933
9744 1875
9745 7810
9746 6300
9747 6870
9748 6792
9749 4381
9750 5195
9751 5404
9752 1133
9753 2191
9754 3659
9755 7302
9756 3256
9757 4437
9758 6423
9759 645
9760 3492
9761 9547
9762 1171
9763 6189
9764 4649
9765 4288
9766 9001
9767 5373
9768 6403
9769 3662
9770 8744
9771 7680
9772 5116
9773 9446
9774 275
9775 9566
9776 4181
9777 4402
9778 9426
9779 2508
9780 3802
9781 7175
9782 9809
9783 843
9784 3295
9785 3667
9786 4962
9787 1012
9788 3430
9789 4295
9790 7557
9791 2620
9792 1129
9793 2949
9794 1126
9795 8232
9796 3922
9797 2700
9798 3723
9799 3275
9800 6961
9801 5338
9802 2275
9803 9571
9804 1084
9805 6694
9806 975
9807 6043
9808 6495
9809 7338
9810 7012
9811 7985
9812 2908
9813 8751
9814 2168
9815 1873
9816 3697
9817 8340
9818 9382
9819 6190
9820 8529
9821 2784
9822 9239
9823 9969
9824 6251
9825 8099
9826 2519
9827 9841
9828 7371
9829 6547
9830 1458
9831 3248
9832 3403
9833 5073
9834 4151
9835 198
9836 8517
9837 7253
9838 3668
9839 8432
9840 7502
9841 980
9842 5877
9843 7205
9844 2859
9845 7019
9846 7706
9847 3008
9848 3010
9849 9406
9850 646
9851 6512
9852 3051
9853 7239
9854 2655
9855 3784
9856 9283
9857 8839
9858 5318
9859 6368
9860 8805
9861 3483
9862 2088
9863 4255
9864 5897
9865 2959
9866 7766
9867 2899
9868 7581
9869 5025
9870 8983
9871 525
9872 1831
9873 3557
9874 386
9875 4722
9876 3196
9877 5606
9878 1457
9879 7996
9880 2269
9881 3914
9882 4475
9883 392
9884 7404
9885 4521
9886 4991
9887 3551
9888 9334
9889 3006
9890 2348
9891 4638
9892 1973
9893 9655
9894 9312
9895 474
9896 5526
9897 3376
9898 6643
9899 1884
9900 1310
9901 6535
9902 590
9903 5809
9904 1160
9905 8042
9906 8704
9907 8014
9908 8162
9909 39
9910 2117
9911 2406
9912 9598
9913 4263
9914 477
9915 3875
9916 7444
9917 7830
9918 9134
9919 370
9920 6553
9921 4549
9922 6804
9923 6477
9924 5722
9925 7139
9926 5969
9927 5139
9928 2263
9929 7740
9930 7567
9931 6386
9932 6397
9933 8981
9934 6143
9935 1922
9936 7820
9937 5516
9938 1559
9939 2261
9940 3127
9941 6427
9942 8623
9943 8720
9944 9440
9945 2193
9946 6524
9947 6041
9948 6524
9949 6007
9950 5871
9951 2662
9952 6978
9953 8150
9954 2262
9955 4736
9956 1669
9957 3872
9958 1862
9959 6876
9960 5454
9961 9740
9962 6222
9963 7308
9964 6485
9965 799
9966 732
9967 7620
9968 896
9969 1039
9970 3501
9971 7616
9972 3496
9973 2642
9974 9223
9975 3916
9976 4286
9977 5282
9978 5643
9979 6906
9980 24
9981 5342
9982 8580
9983 4384
9984 9893
9985 6341
9986 5184
9987 1816
9988 4364
9989 6084
9990 4077
9991 8538
9992 6791
9993 3090
9994 5323
9995 6378
9996 7958
9997 4713
9998 2828
9999 2241
10000 4834
