1 581
2 963
3 396
4 875
5 940
6 989
7 704
8 564
9 23
10 659
11 946
12 713
13 433
14 266
15 510
16 860
17 814
18 656
19 409
20 234
21 800
22 511
23 339
24 184
25 828
26 329
27 655
28 176
29 540
30 933
31 265
32 344
33 283
34 164
35 858
36 562
37 437
38 793
39 15
40 14
41 657
42 579
43 693
44 262
45 858
46 814
47 306
48 925
49 752
50 713
51 96
52 123
53 996
54 415
55 816
56 35
57 573
58 477
59 771
60 50
61 858
62 222
63 115
64 179
65 921
66 442
67 952
68 669
69 14
70 544
71 166
72 959
73 872
74 386
75 109
76 451
77 399
78 748
79 246
80 880
81 546
82 551
83 598
84 412
85 717
86 736
87 372
88 976
89 825
90 941
91 458
92 793
93 204
94 954
95 593
96 437
97 937
98 226
99 844
100 329
101 816
102 636
103 739
104 990
105 57
106 55
107 803
108 990
109 102
110 216
111 474
112 40
113 340
114 861
115 382
116 332
117 312
118 98
119 755
120 817
121 52
122 467
123 271
124 820
125 519
126 236
127 36
128 42
129 693
130 56
131 473
132 773
133 796
134 205
135 833
136 861
137 289
138 326
139 716
140 791
141 720
142 707
143 470
144 51
145 259
146 902
147 569
148 802
149 761
150 708
151 130
152 759
153 504
154 303
155 508
156 112
157 311
158 641
159 544
160 257
161 649
162 55
163 379
164 72
165 418
166 371
167 922
168 503
169 582
170 745
171 4
172 259
173 488
174 861
175 961
176 470
177 709
178 93
179 881
180 289
181 507
182 728
183 54
184 533
185 580
186 361
187 218
188 638
189 549
190 144
191 18
192 390
193 798
194 654
195 767
196 115
197 626
198 747
199 954
200 297
201 376
202 942
203 175
204 847
205 149
206 534
207 93
208 594
209 939
210 864
211 836
212 916
213 547
214 906
215 708
216 796
217 448
218 622
219 461
220 31
221 818
222 310
223 449
224 747
225 346
226 551
227 830
228 852
229 53
230 182
231 707
232 587
233 283
234 164
235 467
236 847
237 227
238 113
239 841
240 538
241 841
242 742
243 199
244 826
245 766
246 447
247 365
248 770
249 912
250 794
251 817
252 508
253 712
254 737
255 460
256 836
257 638
258 943
259 324
260 771
261 485
262 770
263 389
264 444
265 79
266 58
267 490
268 444
269 551
270 77
271 675
272 567
273 12
274 705
275 671
276 790
277 526
278 141
279 130
280 134
281 531
282 221
283 141
284 44
285 490
286 739
287 98
288 821
289 346
290 984
291 387
292 640
293 567
294 94
295 491
296 690
297 947
298 701
299 101
300 9
301 32
302 809
303 474
304 672
305 54
306 770
307 841
308 68
309 499
310 743
311 907
312 164
313 986
314 36
315 578
316 793
317 971
318 286
319 870
320 228
321 891
322 515
323 606
324 490
325 774
326 732
327 889
328 155
329 972
330 887
331 544
332 650
333 685
334 666
335 696
336 400
337 132
338 840
339 380
340 521
341 762
342 591
343 632
344 128
345 699
346 573
347 816
348 767
349 683
350 197
351 34
352 896
353 133
354 26
355 348
356 850
357 614
358 4
359 198
360 204
361 879
362 651
363 830
364 8
365 903
366 286
367 786
368 934
369 779
370 798
371 488
372 966
373 124
374 488
375 751
376 925
377 701
378 20
379 600
380 749
381 266
382 571
383 140
384 183
385 295
386 881
387 321
388 231
389 97
390 978
391 374
392 493
393 34
394 62
395 375
396 307
397 984
398 153
399 847
400 422
401 953
402 854
403 590
404 795
405 720
406 827
407 943
408 977
409 749
410 329
411 486
412 475
413 120
414 482
415 821
416 422
417 145
418 783
419 401
420 867
421 441
422 714
423 567
424 996
425 679
426 246
427 880
428 648
429 904
430 413
431 551
432 554
433 342
434 138
435 282
436 827
437 846
438 964
439 102
440 372
441 698
442 372
443 852
444 52
445 302
446 913
447 831
448 619
449 428
450 498
451 704
452 692
453 41
454 773
455 221
456 262
457 433
458 673
459 464
460 562
461 340
462 934
463 307
464 395
465 918
466 543
467 528
468 422
469 43
470 849
471 562
472 254
473 113
474 350
475 158
476 631
477 678
478 946
479 336
480 415
481 547
482 824
483 903
484 582
485 671
486 961
487 430
488 940
489 29
490 687
491 54
492 803
493 946
494 624
495 672
496 460
497 746
498 824
499 104
500 843
501 439
502 897
503 577
504 464
505 143
506 446
507 452
508 333
509 322
510 203
511 454
512 283
513 492
514 807
515 804
516 839
517 957
518 334
519 539
520 538
521 310
522 290
523 11
524 399
525 878
526 988
527 22
528 45
529 37
530 939
531 299
532 863
533 333
534 116
535 46
536 434
537 637
538 739
539 131
540 417
541 165
542 529
543 44
544 987
545 21
546 215
547 164
548 922
549 80
550 447
551 996
552 447
553 470
554 173
555 19
556 949
557 567
558 948
559 462
560 808
561 454
562 646
563 856
564 628
565 30
566 486
567 492
568 328
569 510
570 354
571 950
572 708
573 895
574 936
575 749
576 283
577 91
578 256
579 761
580 440
581 744
582 858
583 454
584 200
585 552
586 999
587 217
588 169
589 745
590 903
591 992
592 592
593 669
594 345
595 173
596 764
597 933
598 577
599 288
600 432
601 364
602 874
603 278
604 266
605 105
606 789
607 282
608 876
609 539
610 548
611 722
612 381
613 382
614 874
615 126
616 996
617 185
618 935
619 584
620 694
621 717
622 41
623 925
624 514
625 167
626 175
627 744
628 742
629 875
630 435
631 136
632 796
633 356
634 995
635 609
636 310
637 693
638 243
639 969
640 622
641 14
642 338
643 87
644 598
645 625
646 556
647 387
648 462
649 581
650 433
651 569
652 123
653 887
654 908
655 548
656 282
657 302
658 360
659 862
660 485
661 710
662 700
663 795
664 127
665 315
666 435
667 322
668 391
669 514
670 935
671 539
672 982
673 152
674 974
675 634
676 549
677 9
678 970
679 624
680 670
681 779
682 266
683 980
684 314
685 533
686 217
687 39
688 786
689 605
690 801
691 558
692 229
693 146
694 987
695 58
696 930
697 110
698 88
699 687
700 817
701 275
702 919
703 160
704 727
705 15
706 620
707 950
708 277
709 936
710 684
711 340
712 404
713 134
714 804
715 115
716 940
717 830
718 910
719 633
720 918
721 335
722 920
723 804
724 634
725 834
726 507
727 977
728 899
729 270
730 437
731 125
732 321
733 687
734 856
735 737
736 892
737 765
738 233
739 750
740 648
741 891
742 525
743 508
744 678
745 63
746 552
747 145
748 279
749 126
750 477
751 36
752 657
753 291
754 759
755 953
756 144
757 707
758 950
759 345
760 559
761 849
762 205
763 717
764 989
765 865
766 455
767 442
768 980
769 598
770 774
771 451
772 837
773 898
774 574
775 172
776 501
777 39
778 930
779 751
780 264
781 464
782 515
783 87
784 392
785 862
786 320
787 440
788 597
789 561
790 604
791 420
792 156
793 547
794 264
795 962
796 427
797 976
798 155
799 513
800 415
801 922
802 685
803 994
804 60
805 239
806 420
807 299
808 895
809 832
810 304
811 4
812 784
813 360
814 544
815 680
816 510
817 334
818 164
819 729
820 86
821 898
822 734
823 905
824 804
825 79
826 797
827 788
828 192
829 139
830 72
831 290
832 250
833 792
834 606
835 911
836 564
837 407
838 663
839 884
840 159
841 3
842 271
843 501
844 229
845 822
846 69
847 924
848 215
849 447
850 251
851 503
852 68
853 11
854 210
855 173
856 869
857 789
858 698
859 807
860 456
861 572
862 179
863 503
864 114
865 586
866 344
867 651
868 858
869 325
870 659
871 299
872 390
873 648
874 189
875 748
876 286
877 631
878 893
879 557
880 616
881 202
882 40
883 116
884 728
885 318
886 378
887 747
888 616
889 521
890 233
891 828
892 937
893 998
894 749
895 816
896 424
897 938
898 93
899 147
900 203
901 807
902 528
903 898
904 243
905 390
906 959
907 795
908 993
909 861
910 683
911 615
912 50
913 912
914 829
915 289
916 583
917 954
918 191
919 27
920 99
921 737
922 947
923 611
924 63
925 286
926 46
927 615
928 833
929 918
930 905
931 642
932 340
933 266
934 400
935 871
936 955
937 621
938 60
939 117
940 30
941 654
942 781
943 345
944 663
945 512
946 352
947 53
948 350
949 602
950 582
951 265
952 303
953 887
954 822
955 882
956 404
957 357
958 257
959 50
960 939
961 466
962 408
963 756
964 485
965 679
966 916
967 341
968 607
969 0
970 828
971 753
972 271
973 246
974 268
975 370
976 241
977 113
978 625
979 948
980 49
981 586
982 91
983 796
984 533
985 21
986 683
987 587
988 339
989 330
990 685
991 322
992 234
993 65
994 777
995 810
996 557
997 800
998 984
999 723
1000 641
